0.597424328327179
1.2118923664093018
1.1050639152526855
1.7278598546981812
2.2768120765686035
1.9523537158966064
2.270397424697876
1.6403615474700928
1.6917688846588135
2.042571544647217
2.3191134929656982
2.1559653282165527
2.3419876098632813
2.0119948387145996
1.8312907218933105
2.7675628662109375
2.135155439376831
2.0433268547058105
2.218149185180664
1.8030327558517456
2.066011428833008
2.599260091781616
3.075244188308716
1.8972229957580566
3.423384428024292
2.5397632122039795
2.6367976665496826
2.9101879596710205
2.8786873817443848
2.597536325454712
2.0868117809295654
2.614128589630127
2.493077039718628
2.5211057662963867
2.2691285610198975
2.060272693634033
1.688672423362732
2.0694944858551025
1.9334704875946045
0.9771724343299866
0.755751371383667
1.0562397241592407
1.029313087463379
0.9455305337905884
1.3115673065185547
0.9972212314605713
1.1815581321716309
1.0863947868347168
1.032735824584961
2.2493512630462646
1.0799275636672974
1.3362388610839844
0.8408374190330505
1.1867632865905762
1.7888846397399902
1.5009443759918213
0.732308030128479
1.6597797870635986
1.2298065423965454
1.3223978281021118
1.4962489604949951
0.9206492900848389
1.199188232421875
1.0360437631607056
1.4034456014633179
1.1859169006347656
2.138105869293213
1.688442587852478
1.6511073112487793
2.3103857040405273
3.3115293979644775
3.236133575439453
3.27843976020813
3.998352289199829
3.7553935050964355
2.4668774604797363
4.177671909332275
3.441722869873047
3.0195562839508057
2.0223827362060547
1.8293287754058838
1.907926082611084
2.484306812286377
1.8953684568405151
3.0027859210968018
2.871263265609741
2.566324234008789
1.9802695512771606
1.7864516973495483
2.2908215522766113
2.473933219909668
2.403632640838623
1.534176230430603
1.9608346223831177
2.0364999771118164
2.4868812561035156
1.5475001335144043
1.9694613218307495
1.4822460412979126
2.066771984100342
2.8474462032318115
2.4494659900665283
1.5943498611450195
2.250209331512451
1.907165288925171
1.8680307865142822
1.8883904218673706
3.4934372901916504
3.0109505653381348
2.774778127670288
2.486349582672119
1.5104572772979736
2.1234233379364014
2.0375771522521973
1.7614325284957886
2.7872538566589355
2.4681994915008545
1.953540325164795
2.20805287361145
1.661469578742981
2.130300760269165
2.281317949295044
2.3375022411346436
2.0789942741394043
2.611475706100464
3.006131887435913
2.474278211593628
2.073878765106201
2.0663833618164063
2.7708382606506348
3.466773271560669
3.313589572906494
2.9995927810668945
2.799217939376831
2.8404653072357178
3.485501527786255
3.6885452270507813
2.4126274585723877
2.110954761505127
2.32580828666687
2.4178712368011475
3.3107168674468994
2.918131113052368
3.018799304962158
2.981325626373291
3.2685158252716064
3.5708930492401123
2.545189619064331
2.0126471519470215
2.3700597286224365
2.021146059036255
2.194582939147949
2.29569411277771
1.898464560508728
2.0025882720947266
1.8811055421829224
2.047954559326172
1.635273814201355
1.7099477052688599
1.7427525520324707
2.516974449157715
2.0394835472106934
2.343611478805542
2.7468578815460205
2.639347791671753
2.4889748096466064
2.59245228767395
2.1823885440826416
2.5563106536865234
2.5405027866363525
2.8629374504089355
2.615917444229126
2.943006753921509
2.6505610942840576
2.5430116653442383
3.0008087158203125
2.6372406482696533
2.6361498832702637
2.468980312347412
2.148099660873413
2.8981759548187256
3.0231781005859375
2.1604154109954834
2.6179511547088623
2.212799072265625
2.464935302734375
2.41994309425354
1.9490184783935547
2.5203771591186523
2.745910167694092
2.4427425861358643
2.142465353012085
2.9519379138946533
2.8177340030670166
3.311584711074829
2.4440526962280273
2.1546096801757813
1.9837695360183716
2.26169753074646
2.072624444961548
2.1355817317962646
1.979780912399292
2.0321760177612305
1.8973981142044067
2.169597625732422
2.020780086517334
3.7601685523986816
4.535700798034668
5.095818042755127
4.668677806854248
3.7102394104003906
4.240387439727783
3.9796817302703857
3.18843936920166
3.7914373874664307
2.509253740310669
3.4060795307159424
4.278713703155518
3.7730934619903564
5.560964584350586
4.928801536560059
4.568775177001953
4.1781907081604
3.97377872467041
3.5206551551818848
3.9587981700897217
3.552461624145508
3.1375112533569336
3.7475593090057373
3.789074420928955
4.132953643798828
4.658331871032715
4.217924118041992
5.7088446617126465
5.502740383148193
5.915885925292969
5.078184604644775
3.58241868019104
3.574922800064087
3.7327113151550293
4.614193439483643
5.278042316436768
3.148965358734131
3.195848226547241
3.9868276119232178
3.2133121490478516
3.8194398880004883
2.5301811695098877
3.4471566677093506
3.4468295574188232
2.5659303665161133
3.181575059890747
2.8222787380218506
3.480576753616333
3.0368263721466064
2.8137550354003906
2.7735602855682373
3.684601306915283
4.576261520385742
4.288443088531494
3.769683361053467
2.126375675201416
2.8017332553863525
2.975539207458496
4.410429000854492
3.9208004474639893
3.55893611907959
3.050421714782715
2.961552381515503
2.9054508209228516
2.872380018234253
2.3684685230255127
3.1621649265289307
4.1141357421875
3.694275140762329
3.399904727935791
3.458588123321533
2.337148666381836
3.3517119884490967
2.4283158779144287
2.7244558334350586
3.2432796955108643
3.302107334136963
3.229414939880371
3.180039405822754
2.318146228790283
2.174508810043335
2.388237714767456
2.809882164001465
2.839603900909424
2.589608669281006
2.5131795406341553
2.0039985179901123
2.191197633743286
2.0941810607910156
2.26477313041687
2.0270638465881348
2.3176448345184326
2.6274282932281494
2.425814151763916
2.0558676719665527
1.9379260540008545
2.3591651916503906
2.9078738689422607
2.875972032546997
2.324150323867798
2.4660160541534424
2.348114252090454
2.2057154178619385
2.7280831336975098
2.9803667068481445
2.5629141330718994
3.3086555004119873
2.870907783508301
2.3781769275665283
2.5874738693237305
2.7517051696777344
2.379624366760254
3.0086607933044434
4.314314842224121
3.814969301223755
3.758674144744873
2.0365042686462402
2.747750759124756
3.016000986099243
2.7275729179382324
3.201145887374878
2.685608148574829
3.0327353477478027
2.590834379196167
2.7971444129943848
2.3577704429626465
2.2515175342559814
2.4805715084075928
2.4785351753234863
2.423443555831909
3.183027982711792
3.2697041034698486
3.143193244934082
3.3614792823791504
3.2497763633728027
2.347172498703003
2.0836310386657715
2.720458745956421
2.183859348297119
2.1422646045684814
2.532482624053955
2.9940788745880127
3.8174843788146973
2.6802167892456055
2.021641731262207
2.577059745788574
2.2897539138793945
2.2132420539855957
2.168757200241089
1.9445395469665527
2.1464881896972656
2.5211658477783203
2.31874942779541
2.588587999343872
3.0793583393096924
2.873067617416382
2.464165687561035
2.1614232063293457
2.7773213386535645
2.652602434158325
1.955344319343567
2.09964656829834
1.5599663257598877
2.7406516075134277
2.8468263149261475
2.278928756713867
2.121519088745117
1.439814567565918
1.7575371265411377
2.261608362197876
2.4524288177490234
2.5905208587646484
2.7637393474578857
3.3975086212158203
3.0814778804779053
3.212517738342285
2.6517398357391357
3.4029343128204346
2.396487236022949
3.6626577377319336
3.746731758117676
3.093048572540283
3.300368547439575
2.9775030612945557
3.5012290477752686
3.2507874965667725
3.6810762882232666
3.566476583480835
3.1108901500701904
3.1699562072753906
3.5151259899139404
4.384942531585693
3.3878207206726074
3.5531413555145264
3.571953535079956
3.4298534393310547
3.6267268657684326
3.6290032863616943
2.8554770946502686
2.1776492595672607
2.232511043548584
2.2692387104034424
2.952089786529541
3.858705997467041
3.520373821258545
3.9827747344970703
3.415151357650757
3.9848415851593018
3.9763576984405518
3.7524027824401855
3.561016082763672
3.2862348556518555
3.619488477706909
3.698960781097412
3.416267156600952
3.797139883041382
3.750040292739868
2.716752052307129
2.6052820682525635
2.4389235973358154
2.215517282485962
2.3527185916900635
2.513995409011841
2.1100096702575684
2.2133772373199463
1.9008285999298096
1.9559063911437988
2.260751485824585
2.053586959838867
1.8709502220153809
2.132277727127075
2.028059959411621
1.7818306684494019
2.1076340675354004
1.8826919794082642
2.3112354278564453
1.7940503358840942
2.1761438846588135
2.5497419834136963
2.6728179454803467
2.4764773845672607
1.7861487865447998
1.9046663045883179
2.359837055206299
2.013707160949707
2.1196951866149902
1.679657220840454
1.544897437095642
1.4107614755630493
1.945644497871399
2.5614428520202637
3.551109552383423
3.3540244102478027
3.1564748287200928
2.694953441619873
1.9908592700958252
2.090211868286133
1.883213758468628
3.251168966293335
4.371898651123047
3.772261142730713
4.132620811462402
3.8890199661254883
3.9071450233459473
3.2513530254364014
3.7084481716156006
3.386300802230835
3.9701292514801025
4.07606315612793
5.330510139465332
4.588613033294678
3.9693307876586914
4.739146709442139
4.5698747634887695
3.7089083194732666
3.929184675216675
4.442615985870361
3.87913179397583
3.667938232421875
4.264225006103516
4.072443008422852
4.262697219848633
4.184398174285889
3.084291696548462
3.8757030963897705
3.4228594303131104
3.0618443489074707
3.7171168327331543
3.456784963607788
4.319639682769775
4.726787090301514
4.069406032562256
3.714913845062256
