0 6.4020612300167805 4.1914452952528425 6.263921678685883 4.743347087540369
1 5.783177872784579 4.170964140915352 7.0660658438162 4.70753219233236
2 6.6418606557306346 4.770033372420414 7.2646655318664735 4.66006298289292
3 8.419059298310207 5.573541129680251 8.166960718873383 5.039854148500453
4 8.867743574196039 6.816958249883191 8.325776012418135 5.8430429104030255
5 6.221435306774244 5.128119265215207 7.413307533532806 5.715474209027639
6 8.304359465231471 5.990621299566613 8.633044079820785 5.60011939144052
7 7.803270089283445 6.14546471100314 7.418758986105948 5.063103891229539
8 9.415557967522025 6.462428686600367 7.934937324722949 4.830149595439324
9 10.20191331154294 7.158092422746284 8.22621814300426 5.777327618968143
10 11.89614476656173 8.621341708443204 8.654322260982497 5.0343437331981615
11 7.618756107103871 8.410178004509053 8.262904315847353 6.909721537024123
12 6.420614844647152 5.492873760179757 6.475917755716228 6.65131107985058
13 7.553026864791914 6.024680925751189 7.358618274880606 4.96419551572245
14 7.532099595355616 5.10665748635712 6.885718543807658 5.36248638134357
15 8.000050968352413 5.865846267218157 7.619745670772829 6.208857317806411
16 9.093543583716254 6.439046675362884 8.668489278437578 6.004277049260912
17 9.634555942439947 5.96142535695196 7.9445480096704175 4.709400277460037
18 8.089381411678962 4.775972301701638 6.143334693100352 4.9513275328167285
19 8.211884963728428 4.798467715634685 7.200293840113984 5.223885580087032
20 5.271181624679482 5.287063244434009 7.243715144677107 5.178681225588212
21 5.7235463033133875 6.196295814272885 6.062313496378932 5.01775643002751
22 6.087792193232612 5.531074866914374 5.887824215424141 6.273840338124587
23 5.053257980384182 4.976746999393811 5.080009923299992 5.267910838359882
24 8.340341500633672 6.8286437395861554 6.453974525641371 5.222048580206117
25 7.095680337641481 6.310470066040655 7.432974954433439 5.131720705725369
26 4.276558814663549 5.489889613601494 5.932775449948205 4.841217058074718
27 5.018990254408085 5.638357158833091 5.336793394501449 4.321527475435461
28 7.949056616018138 8.055717761962491 7.00546853690602 4.803409115964871
29 11.206632057835323 10.518926480923776 7.302056282246958 5.055579110789114
30 8.660987466662082 7.313906015318392 7.13540615747325 5.286414057090981
31 4.285740789504252 4.58451121124639 5.10436973878049 5.807595919175813
32 4.902558865368667 5.140664493237696 4.999601526915202 5.038488906953676
33 6.158358223713257 5.957623633029057 5.260674454231315 4.5979565759722245
34 8.123672503774854 5.65721972236116 5.984569638514446 5.206380568193697
35 3.9261688578317715 4.137014393634843 5.295965436838596 4.712833740465867
36 7.890351957606772 7.983309948480257 5.92188859069873 5.005551442778856
37 6.729773021908526 6.440973246141253 6.174295580341188 5.124181316835648
38 7.287859171390605 7.791634697811613 6.31582108765384 5.522973857112087
39 10.431459587996269 10.79936591666727 8.634168553807632 6.082802105533974
40 12.594780238934641 10.711966496295524 8.627636768452902 4.929152814056048
41 13.493256811869598 10.363395477803943 7.9336615887337105 4.929689336226933
42 14.268777248680287 10.642092761814476 9.287783724027422 5.4875074735215374
43 11.528963695030276 9.836237501128831 8.863300291101616 5.379368570301204
44 12.106409900074539 9.95877467949693 8.02146112231011 4.64910431566789
45 13.882536098251832 10.835351830736123 8.43906301353184 5.3175281659863245
46 9.500525143631458 9.709455435781166 7.514796055703634 5.432254035798132
47 8.565193245165817 9.356347952746646 6.882196720209427 6.072578290400945
48 10.669153742943335 10.151071589474459 9.537306679052284 5.281152691399301
49 10.972990862507505 8.461982114893182 7.385668999524074 5.143937641249724
50 12.303733898736166 10.339225778351215 7.497219260758719 5.922361846016159
51 10.716590893507378 9.563230086306461 7.331708378262639 4.794407065850344
52 11.655653801010612 10.334245235791144 8.401187970943676 4.75127632363067
53 13.100608421505383 11.001733645286714 7.534397580858009 4.84308678070142
54 10.491946873532527 10.130721420723935 6.983435853410316 5.3133782102467695
55 12.271542934791169 10.28858389216213 7.870331652666315 4.406742461021629
56 11.239777637868798 9.826852632575115 7.817953148235631 4.65813142714311
57 12.977939647338289 11.053375114323282 7.710547045221491 5.003959056365644
58 11.837843713015145 10.902915953663287 7.969713729839913 5.741885243103195
59 9.302788584081293 8.834050227036293 7.61087123127115 6.0591223672859
60 8.833072195680598 8.590564456631594 6.614543050284123 5.6326609008154405
61 7.194643287713081 7.87132602272398 5.8059770086881235 4.8790045483190365
62 7.005603679025013 7.633958502313293 6.193863630373586 5.460968163121967
63 6.1328944423422325 7.154226898309175 6.519921321593147 5.142493827039551
64 7.0425486402302 6.994657695757043 6.56839875830351 5.43285878115744
65 6.004387928461145 6.527654796661742 6.549403074922971 5.163964879992768
66 4.698791388282264 5.722651194414345 5.320643078576289 5.177580239198396
67 6.257498215961562 4.7350748608800615 6.735340466371773 5.055190139370803
68 5.675442754451314 4.41227728341544 6.1419912242820045 4.879230515278932
69 5.256040943980512 4.741900264808909 7.672294356973494 5.204374320232549
70 4.80395610317136 5.236841940192491 6.630413399293433 4.90845166953611
71 6.248240267357443 4.481977239861338 6.424351127764117 4.837380297306884
72 5.498278385345769 4.368822736029387 6.051915924226693 5.143594291447514
73 4.887725889248137 4.149800431121882 5.658492785066815 4.873021031177042
74 5.388774940978369 5.181479274589504 6.808581649411773 5.027939039435323
75 5.675643087857279 4.486816776110121 5.627124740975811 5.379238051704482
76 5.540575276766809 4.483294704071673 5.934656206878164 5.140890730546053
77 5.200768704007694 4.568484823341101 5.595809688326743 5.033983740874742
78 7.218741286390068 4.408197643929005 5.477075471302312 4.909290614336121
79 5.676732808184232 4.303342996783308 5.416574023845367 4.819010990263939
80 6.258352796002248 4.126406967710305 6.1199640499241905 4.935216271239363
81 5.548208143061573 4.95108286963176 6.1942515364299755 4.736782282164896
82 5.423363451919969 4.441262816792139 5.82614671220486 5.027197452385123
83 5.342208393520596 4.436284159984974 5.794288811606074 4.4980014925763845
84 6.060492616103753 4.253544796436446 5.958219045194253 4.906299955802892
85 5.294966522591479 4.475017055328421 5.735177558511187 4.435105791799372
86 5.713799950467776 4.494318573278378 5.942845515890042 4.908541956870944
87 5.515996318425051 4.415689195096073 6.738992240313493 4.733226010485813
88 5.965341116850698 4.525792521835188 5.863131601228811 5.192200689816789
89 5.403456535133509 4.13372497678807 5.869870520685002 4.711839750023918
90 5.79139754211959 4.426199307846892 6.419001780923042 5.161003418012665
91 5.171417958233575 4.5771082509901495 6.1140839219979 5.216806158652467
92 5.444960376365634 4.417941083215531 6.095516921853202 5.155473920375972
93 5.536201328134173 4.674371615201289 6.053346047621743 5.161239574493548
94 4.885948770929929 4.574056234490572 6.308220034004462 4.720246499492993
95 6.047358358410353 5.146272276752753 6.692567028103485 4.411093155640924
96 5.755264560694745 4.09385880124582 6.264220908781744 5.469699691117586
97 4.9590906282329605 4.485344902422915 6.615062628261501 4.921206859961075
98 4.921990235628262 4.680919231241999 5.8687007945413985 5.205596319740931
99 6.993795117777541 5.2103697780467515 6.628812931366158 5.103426275920402
100 5.112377711183437 4.5653210170623515 6.067054017953979 5.021919196894981
101 5.345229589185942 4.5746944752289185 6.742692230792583 5.349304715428197
102 5.077799956671766 4.333110782300249 5.9962949738532965 4.372666936266715
103 4.438825774811612 4.543082970471023 5.525665548227296 4.8602012725257895
104 5.620962161563004 4.784330246658884 6.60479196059136 5.191444043779403
105 5.686177284092215 4.101531256570678 5.583130719153399 5.2044351660556085
106 6.307484420929799 4.541244202326821 6.067748466316276 4.74023044706787
107 7.481879042915016 4.464079359751098 6.239760771201568 5.130837256338798
108 8.599845792558252 4.292734516259906 5.654500120619975 5.23488396704013
109 10.2182472573356 5.8338485224949155 6.1674474796904155 4.816973417602698
110 6.490755602757055 5.104526112367544 6.589369265271269 5.202760449378357
111 5.91705692543568 4.559853977506224 5.941886764903875 4.907040789926574
112 7.096133048481973 4.17770253412028 5.794542258918742 4.687567200335322
113 6.016889175948335 4.234652789433487 6.0537729205279724 5.017506032961416
114 6.6788065620003545 4.679757140432935 5.960216836474685 5.124618286141904
115 9.856482821267146 5.848541920302901 6.721721084844514 4.565598679012199
116 7.46075351596374 4.3924617798960925 6.076407272575858 4.709931035617826
117 6.554638129766882 4.031195913791029 5.984254242596274 5.054276066469355
118 7.663193613717956 5.051363446862514 6.121803100945087 5.5785417416820655
119 9.161522071855064 6.3645243118020165 7.360097358578484 4.715247226721149
120 6.415171444917086 4.579889246814606 6.003269173209802 4.845533843249124
121 6.481993729789336 4.6805369568751765 5.950461053626244 6.0614177864933145
122 7.474398458049502 4.4577234238413554 6.025586304760848 5.403355416163001
123 7.178322236617269 4.388501458621606 5.450060749983103 4.843797792133145
124 6.021270311235138 4.32433724566566 5.792535961986734 4.712689179759097
125 6.259271213495879 4.083098391375578 5.910283772456016 4.664748767181098
126 6.722864673566556 4.147554313356795 6.454472506682083 4.560337131350496
127 8.162803932150707 5.144402887404897 6.361807021104742 4.7083967478630795
128 8.757014717054274 5.710317584354008 6.96751328882667 5.637530969122503
129 13.236703631230977 7.54469967811184 7.21008680031056 4.528874941076897
130 12.184610602244604 7.695013791542327 7.648162109927075 4.8504200329864595
131 8.332315697305482 4.302923235197021 5.9478080689171575 5.257935492780905
132 8.831028201674743 4.968020737519857 6.020038188934883 4.719191069135209
133 9.431887814108618 5.7531441429417125 7.3936374386426955 5.300120704217852
134 8.570176174396765 4.981815090951785 6.231328800254458 4.885622311402448
135 7.700886806602523 4.380730820113763 5.988570973243337 4.366241967251504
136 10.47324462927175 5.478911316575151 6.52002946917421 4.9658834017037545
137 9.392148564952661 5.174354487513921 6.254522198123261 4.768118665160799
138 7.153518831411273 4.19258399196862 6.233592799807424 4.687791217671836
139 6.778105086246506 4.74190666043518 5.477021548622381 5.461398338834634
140 6.7428274455069905 4.558015309237374 6.355807763299321 5.234472167747717
141 5.870707127120745 4.530647565310767 5.604503636279659 4.87282649185025
142 4.45011228501269 5.171185047469759 5.978013479524144 5.441184809970269
143 5.515998119908348 5.000440794862417 6.736790973752693 4.066073546452324
144 6.975649730663718 4.233734644287989 6.335623072953659 5.157533095951833
145 8.300283703901057 4.527066813170955 6.4801649224948585 5.1172094456405
146 7.082487826046366 4.740607396296959 6.389064122281673 5.008772115392049
147 5.237635092587098 4.350185141137377 6.179783101659229 4.8466739304312405
148 6.054370550629964 4.130605547404798 5.650895312469993 4.639600550028646
149 5.910117235717221 5.471408885966551 7.369348921478189 5.245503239860102
150 5.621471637238753 4.473925980027074 5.748605235378815 5.87024799142675
151 5.054325627244552 3.9616480724959273 6.115721146217148 4.927854472886379
152 8.540799369159824 4.425980117774346 5.526609563798492 4.978430712590686
153 6.429259302676025 4.310792940652906 6.922478660389383 4.496822979841212
154 6.820925349966922 4.350672130167205 6.046628582939892 5.734640770774367
155 6.81705915681457 4.248181797802148 5.965966397314265 4.933489771796459
156 7.397915956185218 4.771441190892238 6.640606587499888 4.85895825288946
157 9.087834839585607 5.945576985091998 6.772520911588461 4.70819676258718
158 9.12796446810451 5.250450294470255 6.426774570263275 4.704154225229849
159 7.125694526383183 4.503327874026703 6.3064897606399235 4.605569486134565
160 6.130725109239541 4.121844404829105 6.369770532696534 4.681966708811348
161 5.6443938825725555 4.749895661432199 7.435135675793366 5.110891429823563
162 6.828087046115839 5.1203553588013415 7.27323265486963 5.6315696038429754
163 6.6907133060209585 4.244530544690504 7.012918056275022 5.316757614679138
164 5.905817850974833 4.740208938695242 7.2768760637188015 5.07813077180193
165 6.725046006590677 4.962763550061648 7.862686391606858 5.03034100167588
166 9.024396823516227 4.771508717784642 5.996059286912102 5.137411935687352
167 10.201327976839936 5.42751612995003 7.148979716827961 4.777703970688362
168 8.183742153434046 5.263731354234365 7.047321744768569 4.884447817633623
169 7.173303366355174 4.101594059947748 6.061019057222809 4.836280795034477
170 6.130962410954103 4.863351607582839 5.673383392737907 5.287254707681263
171 5.420655623590268 4.493393874691854 5.96634952331168 5.120896023817936
172 6.533977966697148 4.4365696234280385 5.859816743342947 4.4984220494331995
173 8.464641317617701 4.463899105925465 5.718938003304114 4.351476841225124
174 11.41567214839426 7.753057770253142 7.527264238161566 4.744976720959505
175 11.8340436905779 7.157875793855519 7.134458304374738 4.500496627123258
176 5.835995936631139 4.078755914834648 6.122689723317258 4.680258725051871
177 6.828351584399127 4.441692421447652 6.526201992563154 5.511526146832352
178 9.643247372206162 4.958994949693022 5.7825110456952205 3.865862713275502
179 7.177585077884389 4.422473128873138 6.3276092905511305 4.814988188042264
180 7.839807263194849 4.406414288527335 6.088215031917733 4.822491491907698
181 7.923715072957562 4.3275276792276545 5.757613600494984 4.450612475970267
182 7.120348906447429 4.1856138983459985 5.519656288147788 4.425361849987794
183 7.660955100944906 4.612516755519461 6.144883859999741 4.226896862618438
184 8.652481790875745 4.162939945751432 6.079112179998897 5.049920109901426
185 10.698201857527893 6.416433888310215 7.329353928394089 4.295659578142366
186 8.674403389611227 4.857204289517083 6.737757691861522 4.987172975699442
187 8.113551005515193 4.91711493238202 6.503275082132876 4.928447847937544
188 9.123214038279741 5.0027360100457114 6.224026676592119 4.964663504920986
189 9.335731862385906 5.45563262762731 6.402376652015179 4.346096702966436
190 6.825513015761908 4.4326902186766795 6.063539533901918 4.5291831070664985
191 6.574406855020579 4.2314282505867755 5.763001773661423 5.0748864004993175
192 6.827267564452592 5.1757744366566865 6.456537941362085 5.2944633599319575
193 5.468019311744112 4.6517784238653705 5.72008953105169 4.955205193535456
194 6.746217966545461 4.787090060288664 6.159065731020285 5.815000302049807
195 4.343372611846082 4.310171778766745 5.688564129284402 4.606466204003871
196 6.214329464057659 4.293554996398325 5.547813742736563 4.922060155613858
197 5.454289111913111 4.1674322578795975 6.146927297741237 5.245777939416178
198 4.193593392866893 4.222804456877989 6.2447503841141705 5.289314207804705
199 4.17359000869935 4.4141841729885245 6.070038941062908 4.853867529384092
200 5.13203831794345 4.954916690145523 6.160103593921383 5.0399267701085435
201 5.490663111521704 4.346362890711788 5.808326345831612 4.740781315569245
202 5.387446700012985 4.235081245680614 6.210231420556716 5.21108232328697
203 6.040491905714417 4.276395429993363 6.132114307650773 4.665261337215408
204 6.375970821951721 4.712112408940962 6.34062312012656 5.24060363033721
205 7.897583053277983 4.352407376257257 5.988338161651236 6.0604614520469475
206 7.176887822122757 5.398598633508326 6.575397249857268 4.864915902094689
207 6.05923003985067 4.651947607722714 6.497756141818503 4.366696646224312
208 7.162473412229979 4.665290589176438 6.567145980115348 4.6134532936121095
209 10.259579837824235 5.573956820945831 6.698841119976431 4.410402280932797
210 7.768808332105403 4.851808977610808 6.415049582663403 5.104209751306476
211 5.974140936799338 3.918182084651685 5.564464197144167 4.694108067881704
212 6.996507686893725 4.267679327976179 6.0542315981801575 4.905982611561893
213 4.194239479860421 4.7117005708901 6.381030030991766 5.252778932285501
214 7.204503812877671 4.570366637377471 5.867956788621863 5.124142729201132
215 6.363956856066296 4.400041059350152 5.935083596640608 4.917129288546037
216 6.115853247544708 4.387661875214255 5.69694131380406 4.738589039563213
217 5.800901987755209 4.413388555905247 5.805785602561097 5.288364760823794
218 7.875023781645057 4.335631332608904 6.198304713267469 5.0080008826594735
219 8.030818342642103 4.534495447461446 5.808525985133015 5.12683040460316
220 8.45132439228081 5.7541200003226844 7.684241726363923 5.602261095282942
221 8.844367315211528 4.998850533531811 5.963585923464844 4.473724679479731
222 8.695195970228214 4.524680331401703 6.389883603663396 5.178724972104304
223 6.75307102960564 4.596225192635157 6.125894822962768 5.078491217871943
224 7.6657899812702555 4.514928187578833 6.42458394861398 4.633756986150634
225 7.9840856240548455 5.096225384355112 6.626054422971268 4.422505803970705
226 8.00777921714778 4.755496145611966 6.814843622337285 5.3987695082517195
227 9.116038225189486 5.463087552247131 6.3114121602572215 5.468607529712211
228 7.551957614950707 4.482454492799082 6.410196130074314 5.26768413897789
229 10.798538284840294 6.336527204387919 7.2990573180752785 4.8755836389006895
230 5.1804164897823615 4.243401602213606 6.859392511000097 5.229642149334531
231 6.403506977159796 4.264079077359971 6.789689397315094 5.049859781855995
232 5.09336985273037 4.426273654681359 5.679049405663246 5.524186718974555
233 6.505220414670324 5.326285563927286 6.023295514287271 5.043263132149295
234 7.554861709947309 4.595240996679477 5.879591231237434 5.1388180707492666
235 6.646664459132972 4.526370266999572 5.226751294628119 4.713511434119593
236 6.019188205941649 4.328429455479723 6.412619987882495 5.379872040149997
237 8.561455364082672 4.31657623908895 5.702498180517792 4.221126485217988
238 7.599491655446604 4.318813870676726 5.672937360594414 5.132242793123058
239 5.552148559734833 5.260049396788572 6.823886596854563 4.12986684845927
240 4.60415545296866 4.689321076611615 5.9826491758428455 5.463111553788956
241 7.569260903357302 4.253259922322156 6.205328848525008 4.706711236274762
242 8.471229107894104 4.30775711794632 5.994646486766015 5.164311109202898
243 5.238928497578513 4.068595236831633 6.4373692755627125 4.853141647786966
244 6.632918334148291 4.913778563791686 6.275906452998113 4.796641665107489
245 5.686711466480395 4.623322297919659 6.863452149260036 4.659551425303287
246 5.673637532275276 4.519070996222616 5.9652791815627735 4.324808563234217
247 6.409043367132896 4.654254222393098 5.29455900347189 4.8379425611047
248 6.087624602282917 4.166750809737076 5.7283910206524205 4.9088596459358715
249 6.538251623992823 5.959402178283362 6.735381386962422 4.8965667161715105
250 5.152949620678428 5.395962493123103 6.522358015368731 5.015644805736422
251 4.365241996270735 5.734658550626873 6.5933216796963885 5.198058213383571
252 5.210365944028785 4.667726887726645 6.453143781335029 4.650930501254161
253 6.020373898448625 4.710589303892543 7.048952887278434 5.282268081063712
254 5.086139281174848 4.945300231626368 6.107119918396924 5.1775049222544975
255 6.423481300909398 5.721707300985674 5.890893093373774 4.789543467953154
256 6.312217881657761 6.628402160523037 6.058240633952345 5.430045964289703
257 4.244890396408659 4.6125486087850955 5.587065009380611 4.38819010266468
258 4.673466757310273 5.121898596636386 6.455342038916619 5.239856569590821
259 7.035524440400148 3.94882650095195 6.2993664900771655 4.738932460910995
260 8.68523903788703 4.187775923449835 5.950345247522277 5.679753006865649
261 6.7649193884349 4.125611679063124 6.030195766307029 5.170843318144409
262 7.134299092969566 4.32053171977825 6.911199161019133 5.275070075849577
263 6.253929809233575 4.182034622087097 6.051950366938983 5.026887321820315
264 10.510469209880485 5.946021647361108 7.007416893958386 4.875561528775183
265 11.729614240886745 6.248358578585275 6.437196188753443 4.2935100652707865
266 11.759280664177687 6.01761608843027 5.7427870990871295 4.19691258379635
267 7.588827478149907 4.211564977079461 5.780120247845571 5.442952370214944
268 7.300445379567144 4.700685790682484 7.00830690384046 4.710020596967907
269 8.735611706196236 4.481439603391592 6.112212492158758 4.838546021272664
270 7.803895048135156 4.531818492814295 6.57254434919392 5.154289617244959
271 6.955257359637339 4.713843409217284 6.325984457625518 4.641204917779021
272 6.026011897885615 4.4469515367772265 5.752472975845902 5.052921745700789
273 4.47853235005222 5.7710120354556755 5.656975854379491 4.967009200519962
274 5.166613108191921 6.364576788788378 6.934998154101049 4.634834148835341
275 6.831924580011317 7.545381708155564 7.379140026545141 4.9111689104676435
276 6.004220928778635 6.34338224542546 6.181686601083859 5.405205800573661
277 8.125553741420928 4.776065203759843 6.278580244148551 4.58115244143266
278 7.9897016532319185 4.65658151628566 6.1613772569278265 4.262322698203172
279 7.3139943277503505 4.550174640621438 6.30631015332674 4.622750223365565
280 9.145491168955516 4.630514042144047 6.672374484250649 4.537493400612679
281 8.145274946842727 4.614101694878282 6.337072974538792 4.940562655118095
282 9.396779137872745 4.982800266772246 5.731247570162301 4.666925576942839
283 7.301439183872087 4.396923256830336 6.63198141607949 4.7289719824877485
284 6.203550529749327 4.1563563517225255 5.8724120466784635 5.43135217579307
285 5.0275265964975935 4.274955174730396 6.590630924606734 4.54170563585198
286 7.409994828793381 4.524344619943975 6.331184395472906 5.492383653435736
287 6.557609071923572 4.50488174131427 6.529498376300395 4.506274182395827
288 6.127778175421023 4.186391825767916 5.9040278017803045 5.610522694752511
289 6.068188315561738 4.1482939543488815 5.433093051851764 4.779578972921055
290 6.97123355850728 4.9467838476898285 6.399726271012528 4.988157847079426
291 6.511330868763099 4.329795546549438 6.15390259044133 4.871088007386281
292 6.97999588660887 4.534352594167184 5.622577481105568 5.20859846716836
293 5.445425913313613 4.286001380353552 5.639989709932226 4.306181518636639
294 6.29707982404951 4.089530214506658 5.585078126353063 4.499429314040611
295 7.810645083258722 4.944808833302698 6.588023409998046 4.607125625910094
296 8.32629605561002 5.080845102812808 6.915956028103781 5.2043311475614225
297 8.355655699552852 4.783295353801586 6.218373373987334 4.904942791949331
298 9.148101122177348 4.827821046228823 6.615054232648028 5.653352036210798
299 9.087068527003533 4.406862507635492 5.924394080399505 4.5665382374809935
300 6.861988895825806 4.700851056979468 6.216736421076587 4.375225763838109
301 7.623353879571049 4.431588866641863 6.738301993572294 5.150482132723745
302 8.345954505582597 4.621438586778041 6.6072168846589046 6.039419991949316
303 6.665500881307368 5.289123821528783 6.549054562383813 5.187919800702768
304 5.878327339400333 4.176911971187267 6.249681225700469 5.561278844110339
305 7.652671599484614 4.754415855191203 5.801641178795718 4.533379251954634
306 5.536402852943016 4.250441037373723 5.863310861800914 5.000119525398261
307 6.169525846734172 4.407954628985984 5.42835084598307 5.054432901105444
308 5.681316740593249 3.9084078691220197 6.079373769363307 5.158396431777026
309 5.755370312357191 4.38063703857098 5.956658168501186 5.0680836423038444
310 5.432356101128069 4.209491828039216 6.348683948666488 4.6659659772337765
311 4.495083589923514 4.6488537895335975 6.168818287520977 4.895975441192293
312 4.31600188965082 5.296263337043908 6.571903607175461 5.3582712447047545
313 4.872683475060551 4.4753040135221225 6.227924928295839 5.2323979615522624
314 4.309233917402961 5.970644964529781 6.7603760730135 5.6404002040289045
315 4.4288514893390944 4.580992449263814 6.336242323859405 5.341185150366397
316 4.867946370585828 4.524227755145997 6.456777626418304 5.695030810344286
317 5.593986285045596 4.0104246978253215 5.8694776090178085 5.080244028317133
318 5.529741655961891 4.610186632349207 6.571445012632433 4.815739822621785
319 5.976475626826034 4.219284346016951 6.625588131003101 5.68482379787469
320 7.663008659091028 4.662273327902232 6.433783527585731 4.840365758942357
321 10.540811308009632 6.576476283008138 6.460924183999452 4.9557357319488835
322 7.519186534288405 4.06000390755361 6.0347959779884945 4.736133443331932
323 8.269247586894757 4.531346710449727 5.827993264434836 4.770702944326717
324 7.02366068857811 5.342242674301502 6.135797142789109 4.526191078295264
325 8.21291308851299 4.756929617295793 6.125178146037066 4.489438888996771
326 8.749086448443707 4.388046725249938 5.883720975151454 5.166154707022319
327 8.14440524823062 4.534562385044408 6.472266690861806 4.710246295417423
328 6.2303764230095275 4.554477741048924 5.88642855588718 4.287885646747604
329 7.894177514581671 5.133589943244495 6.279586513189436 5.050865534756841
330 6.912831567762932 4.5665330827632475 5.892586450545774 5.157620164911198
331 5.135016608476367 4.271849628649243 6.5402929921923105 5.26759899851885
332 8.454283259878531 5.370269279852587 6.501143579131151 4.641569773256395
333 4.87316757705873 4.576872993167818 6.197567914516133 5.33516819417016
334 5.703421770435346 4.079877804592829 5.95604295312634 4.664768647914761
335 6.99193561993613 4.156195168829898 5.948441093757542 4.712217061501007
336 8.743904290673457 4.6364225776474886 6.616709355196161 4.910719378872768
337 7.850878696188814 4.5366714027915975 6.633612461239196 4.999370006120066
338 6.733109159561195 4.630615548005694 5.784511114530387 4.965560336605499
339 5.290777684655435 3.983082330215211 5.769164861704921 5.31137486580079
340 5.667864071613087 4.964798381312949 6.377707597733622 5.762622268758083
341 6.610886705164992 4.031286099464223 6.211358802385431 5.041691209750698
342 6.780623473094995 4.416107274844829 5.766611874144956 6.049371636688154
343 6.360770654310832 5.1822991203795405 6.885109902982712 4.3688147041089715
344 4.40462134296792 4.674722171752888 6.42193912775183 5.34276918483584
345 3.9016778620823334 4.489673614529377 6.666815207218638 5.561718527378593
346 6.101532239447988 4.020286577672576 5.416278485704574 5.3181783375840315
347 4.70810831624686 4.404358032926462 6.568375249032811 5.222779816337781
348 7.1325719674672365 6.297179955330491 7.040355534439927 5.32663093785759
349 5.1343296606892075 4.875357411167932 5.688681464789229 5.376681463446363
350 5.099742832202701 4.553171506614433 6.121586096668917 4.842699786937778
351 7.400954169118041 4.931895468852897 7.0972733616106805 4.8421614687519625
352 6.687879747878618 4.707617180422239 5.9142814242761474 4.641995709015121
353 9.16171631205944 4.660513361020442 5.959302728881207 4.903429789505899
354 8.982274111225955 4.728452174911285 6.46351671058554 4.682915237576141
355 10.453073901433408 6.179743163316547 7.192545093042208 4.631729355011012
356 6.431266229772225 4.384679484984249 6.289628614356452 4.867956962911434
357 5.263923950310665 4.6052181742532525 6.177585705293487 5.781911049824613
358 7.114009372888891 4.494493950826383 6.346249281010454 4.8187593866350635
359 6.307243707910662 4.526858612234657 5.958871945931032 4.734271267175484
360 5.239129029348612 4.474259816008433 6.256414575556876 5.593841380648211
361 5.679405330144858 4.195807449722021 5.681727978156857 4.7598413431126385
362 4.099160242460441 4.393307447722618 5.777508429197011 4.7798225816821995
363 6.5366810189917794 4.646320379784024 6.477307813526472 4.803016970407633
364 6.815807510082894 4.241494915840941 6.40287856708017 4.410919938296001
365 9.124520598093683 5.210253925615918 6.126443939240495 4.802757047809571
366 7.121342015780591 3.8781693752909896 5.758706166305271 4.259030852938988
367 6.787448689646828 4.370635649683623 6.402909801954172 4.716239580921435
368 5.557862797439192 5.14928047277743 6.310453972382461 5.005912084147175
369 6.351733753310686 4.016387139468629 5.752265583241402 4.842780710613863
370 7.7028725829744875 5.041211706925648 7.044050953304445 4.755570783593887
371 8.004746524001614 4.71862096563355 6.839727445084383 4.851893827563047
372 9.126159024480717 6.473970368970894 8.839118221078197 5.568386983273579
373 11.812256144745506 7.819079215478696 9.652530968702788 5.316113035181216
374 11.911894348333448 7.8613134454602775 9.736119650266934 5.5533585280432325
375 10.961325778828497 7.424675719693473 9.426205094324553 5.95233954566031
376 11.38213625398331 7.764350468585113 9.149230287433822 5.760025688617409
377 10.098454936626158 5.64195938439798 6.207584544516447 5.529556131402799
378 10.538737387892517 5.847315219159449 6.976018313253357 4.280408930130778
379 6.874169101894923 4.149559322090547 6.392256812402101 5.403578564836729
380 8.384023589336453 4.599395829008223 5.8656610381961105 4.831100428713459
381 5.843902770954305 4.162766535415277 6.517347536840652 5.16926289023445
382 6.342757662776829 4.750685273407987 6.1069441797396875 4.922180293503678
383 7.286275395491929 4.771331521249824 5.7642102829595645 5.5775794818792725
384 5.007945828063111 4.269069518771132 5.706755029897439 4.627554686082475
385 4.730012915210764 5.315331968725917 6.320514575823395 5.605501959445526
386 6.295850584885014 4.2036545664307345 5.652354028389063 5.0653639036883815
387 5.02659990756798 5.025500944197063 6.065425300799291 5.502925299776385
388 6.037503858038253 4.621798756145628 6.537844065247467 5.161450709298076
389 8.024837855913482 5.742100486313609 6.9011275573005655 5.694120243239899
390 8.369836217643984 5.0462550451981745 6.645455147668715 4.934753149429364
391 8.221067639350505 4.61133447262071 5.781884548692001 4.577461807788582
392 7.891289136277644 4.417297939386422 6.184257956903025 4.649868243975822
393 11.218529056351457 6.76428728891563 7.165454050575305 4.403967254617078
394 9.261811931541708 5.089517135200368 5.774945675692024 4.774089327796637
395 6.81939317505611 4.778823972604804 6.612231514314103 4.881610493911906
396 4.358453160275029 4.20303421442832 5.745427516935839 4.657510179171232
397 4.406889365405637 4.7691570432777635 6.409501870624227 5.297651110230486
398 7.438108743893075 5.225549986772198 6.209260222079778 4.66495644160693
399 5.8056646005932695 4.23177750234626 5.711136325540829 5.414836338971183
400 5.922243732470364 4.401248469001291 5.981058470900267 4.525080058476024
401 6.1529641445189664 4.245822822390138 6.085611949121648 5.219755985692479
402 6.3824498695956775 4.170957157856721 5.30739863296606 4.882328809344227
403 4.663655866825739 4.673708542657799 6.173179874637623 5.132310300989956
404 5.698066395603624 4.2636242830554885 6.615945111951235 5.408556696849777
405 8.301848393245667 4.27883202880555 5.854470977779225 4.6620344920571375
406 9.523216771499223 5.338826624419024 6.910128369043683 4.475543905084892
407 6.679257872133799 4.084092681055155 5.861090460650655 5.3760446010641605
408 8.054176116966639 4.542316019951293 5.846254644406842 4.436762712795243
409 4.519901887436238 5.864580552932232 6.200820201784754 4.664801266012987
410 5.988096155055221 5.167623683589413 5.530438098662703 4.5182810761170655
411 4.39443233892842 4.784449247332695 5.980519072264902 4.781750442359908
412 6.279643489151969 4.337113465780952 6.758730360692542 5.29897276912513
413 8.749123338018325 5.207424200303912 6.139244287883846 5.212169723026261
414 6.736641069193867 4.393327233813295 5.901817893250543 4.986472070505118
415 8.429900855313372 4.653420790177359 6.052477302983584 4.777284660586497
416 7.818016993615444 5.171408399434914 6.1038172147249 5.439952278938158
417 10.103069640300001 5.910487562581779 6.695990939271708 4.4746048410852834
418 6.693578887311312 4.723780442212408 5.889750286607126 5.183723043669678
419 9.400457635344077 5.068494447367308 6.070310874605314 4.907132038269845
420 6.902159243865506 4.06660995814188 6.3398936109711705 5.351019805205095
421 7.846049075491941 4.052635073775275 5.577290022797892 4.869196131535056
422 8.754666385249477 4.812428533885357 5.759389683574228 5.444482363523931
423 9.630592881035868 6.012079767314391 6.1686953768884925 5.337160130734482
424 9.484697797517038 4.995010807594526 6.347059815700419 5.0387685885354045
425 8.96660503153609 4.844490845822917 5.732476354710687 4.902690024163589
426 8.076788458936404 4.396040378875118 6.171623919906929 5.262327206558908
427 7.792222839460933 4.597115960164362 5.981340644098544 5.129927785736688
428 7.728460200774659 4.40859834431748 6.357956303540098 4.728459375398223
429 8.824416442692849 4.92001936483446 5.947994455972926 4.6037307481407215
430 9.6087957480021 5.583167883214223 6.7273024447947405 4.63243588890722
431 6.999159486434413 4.536052633185521 6.44375563700671 4.419356724172562
432 8.02765459789675 4.894434891700851 6.7892405338008315 4.595664397938574
433 5.974038850792197 4.178725816585973 6.715563049433051 5.2886382991724785
434 9.587493571326835 5.419187524824883 6.987792209412797 5.250517437042324
435 7.340779093495413 5.794394794723533 8.092803109041556 4.783335224226517
436 7.49914791715709 4.852924154260407 6.20696769978785 5.126503744189384
437 5.355065585537269 4.9652656694962385 5.787927051028306 4.998925021573553
438 8.139173694492678 4.5984161113744255 6.464171365971006 4.709809263663262
439 7.65530094550127 4.938768613700521 6.5528310067221165 4.8197020289544
440 6.228127474903443 4.051867622276833 5.918607242685975 4.944876956810719
441 10.223555005995188 5.2927612963936355 6.643159766520453 5.497571577968229
442 11.278824089567099 5.652069094138349 6.994210714467533 4.548038256913057
443 9.794454853125211 5.73969960955525 6.424661493600923 4.8112744874542015
444 11.40437355052144 7.214226798329897 7.204620868735303 5.613934188685152
445 9.451972165979601 5.843190867754962 6.96961693253585 5.371236766452047
446 12.326809658423006 7.283927023775468 7.072307808659037 4.964921730577355
447 10.451664365442808 5.553756627562467 6.690525214791675 5.15322835056552
448 8.361851588280972 5.284312174992789 6.357705405748746 4.539129279223756
449 7.854345501950095 4.619648636344065 6.027203602069894 5.038705862640365
450 7.8348102171311 4.531412818081976 6.382915222427372 5.231986566760396
451 8.11870025679148 4.556760643319696 5.734538504059427 4.495864182126896
452 7.963327299405172 4.256997028164009 6.252683499978721 4.784430249987212
453 8.326064035358176 4.936991646336069 7.192223232773916 5.676759109710315
454 8.640790833004909 5.045374758792381 5.822550119573935 4.453741648313089
455 6.579503904213703 4.827085608244513 5.967737111765625 5.248436663051978
456 6.856517843923396 4.396221010449786 6.86900384443688 4.966248568341945
457 7.452360495439687 4.054235364680001 6.02955977871058 4.876253693165254
458 6.430456350628676 4.139362378178649 6.692490662727644 5.27298420538839
459 7.5628822022699245 4.1046769346312235 5.767523877741532 5.03896551433499
460 6.76907871584855 4.257256160001222 6.476242988385906 5.345662565846199
461 6.258628379513736 4.27740000152383 5.958273529152985 4.542820940531765
462 8.9092895553147 4.92149436975582 6.328450836437824 4.853933047671905
463 5.379581538381969 4.246025428498684 6.184875238339423 4.9657679333981966
464 5.051067783554781 4.01135040497994 5.459568384431843 5.248489046069845
465 5.932705815169047 4.462956114073428 5.810274524659063 4.817667439523587
466 6.642354229679231 4.28187803750591 5.624493359296489 4.3531229484146445
467 8.133770225960008 4.1721824528272515 5.953738925884246 4.588232661194958
468 8.705187487903967 4.490144866950416 6.284005208087074 4.506862086331429
469 6.000355157329083 4.264241196608767 5.99222583865131 5.20435194642967
470 7.804678797730762 4.527338823674554 5.6749702452535695 4.415921448952393
471 8.315657849816997 4.577009213814896 6.423122823861988 4.759370923326694
472 6.060514166244034 4.594360075213396 7.182468410194618 4.89273425090962
473 4.333570827432826 4.14152824560204 5.667361979022726 4.9011998692641106
474 6.466230884627888 3.997405572470556 5.681428204919069 4.751622011495252
475 4.489436817271446 4.541494802430035 5.874476397526481 4.433518117557881
476 6.118747480947435 4.291576570292463 5.8011463489752 5.0627952524131175
477 5.688625454708314 4.308126375575629 5.332274208680622 4.771011239761701
478 5.487030224438939 4.822512859444408 6.723691911141651 5.445161804803719
479 4.843026007993548 4.236432316115333 5.735482660326232 5.088488207595962
480 4.452881798956472 4.368035828695194 5.850114155297425 5.289698947653484
481 5.425825084769762 4.332502886818722 5.999802831904784 4.81944131290516
482 5.918302381384029 4.920103716705341 6.5339704433462575 5.3841287315615665
483 6.01084923484646 4.328684693706623 7.118872069556838 5.16316458335139
484 8.812221621342648 4.604272106902347 5.454761500189373 5.054729653100551
485 11.639920688754916 6.834872988550746 6.889120970991735 4.635885081786834
486 10.641107805739585 5.957268257674069 6.575242525504817 4.623689937866043
487 7.107433448360133 5.201378007942064 6.903685258797202 5.564041855792663
488 8.915791533333579 4.466716419792503 5.636613118428995 4.40143991840143
489 8.120888530399247 5.519383350742647 6.68434775697954 4.209157345821767
490 9.196892564258844 5.47000017622092 6.304754084089419 5.1577893623495
491 6.3225073200729325 4.012718831036986 5.535783963272931 4.717656678977114
492 7.446347859543359 4.0502913177154864 6.1980553836825285 4.618407049328977
493 7.488588955532242 4.524218704547985 5.52486411590926 4.53755692444699
494 7.344276716134567 4.558235464529662 6.029453833055028 4.733945954343385
495 5.292301808711272 4.325834208664999 5.918726829772912 4.780992666869063
496 7.999675844023359 4.847332642718579 6.439098348839428 4.465049800375256
497 4.62220180060881 4.428195927634948 5.522675405646455 5.818425028911957
498 8.659341339452148 5.21733657033438 7.12567831217246 5.017156693578581
499 8.58807098215147 5.531885897278974 6.96741220217195 5.564628669504186
