0 13.493020498262926 10.647790082383823 8.4863004140519 5.291740246861432
1 13.533006826115926 11.544332273906234 8.887816292752666 5.09744594053478
2 12.772592341519408 11.326794507001257 8.433144016877767 5.394927527880128
3 15.22535970960145 11.312216986055263 8.770576609250305 6.223252719055397
4 14.60090053982082 11.278754244895651 8.844547918245757 5.301732307068689
5 12.854956307427997 11.300458613024515 8.447091136089398 5.358653304136716
6 11.885015533199626 10.617618096487645 7.774144751221989 6.494819617711355
7 12.08817803945304 10.967844944267652 8.899382049229095 5.441356966394309
8 13.185731349299214 9.974107519449726 6.899147128739428 6.502465658697698
9 13.42245332991188 10.969321134615539 5.888431331343514 6.260012172689969
10 13.044333259533467 10.456387370412802 8.207197076600982 5.662438742821334
11 12.632961777786324 10.649517973396376 8.781248048459787 5.717545837501037
12 12.728761362709747 10.895571290775415 6.16807869919846 6.078797659278278
13 15.379568602422225 11.693423715022591 7.588339259020423 5.694688787004376
14 16.724859033084883 11.857432075117094 5.37148954171745 6.418836557210716
15 18.932840101312678 15.169419077188596 9.410908927443813 6.317012022076424
16 11.560456073230919 13.227414549705776 8.36036388131488 5.024064248721241
17 13.217889182300228 13.637274719349506 8.448987952056815 5.551425446823325
18 17.27469080180709 13.129025791023206 6.254320260855603 5.749390664322254
19 15.658479989781725 12.875050095587099 5.844189105955992 6.313365582765436
20 17.548157650293984 12.735378227867027 5.695456401817168 6.474561647493425
21 14.242216883738848 10.95137202719862 5.720324385556055 6.366576044151934
22 14.893725629430504 12.467987936903672 6.033837505928801 6.289608364341339
23 13.882081895178779 12.15089562978051 5.7368398781074195 6.603008846770365
24 14.631029709732484 11.864547403644604 5.972184935094868 6.5558935196384915
25 13.577295396917018 11.901775497736237 8.046040616090135 6.580526258039119
26 12.086642504682274 8.93591041758728 4.480365627503252 7.591682428754566
27 13.888306147245073 10.606032659562375 6.442517487973513 6.8821170001222205
28 11.128815703965627 9.292381097595362 6.11323640934472 7.880112186531353
29 14.364291797362124 9.889941204475662 5.586774078013471 6.593778249830529
30 12.609765391246382 11.352425858497567 8.974067395326742 5.203601239981801
31 15.703157884159003 12.222080966738842 8.365787004665291 5.968405834683421
32 14.265998173134081 11.839189812196286 8.707039917564558 5.064910167071398
33 14.695105717420553 11.592121602745014 9.100624106143357 5.476053352823292
34 11.43521991285476 11.399661252585863 8.748086722020163 5.103643528408194
35 14.347262513523386 11.471229130722671 7.736005578934517 5.757448254874599
36 12.215261046030903 9.692923572883641 6.211730107002154 6.382951260596224
37 13.735042177693797 10.489013656220727 6.210007197666971 6.338019773921815
38 13.501058291029722 10.465037712752745 6.830172625877941 6.203003565640231
39 10.753088038689569 10.776499867222814 6.752192835180325 6.921441315931747
40 10.480649920418529 10.542611513058626 7.4829347435225495 6.944345199941887
41 11.07757936520434 10.84393351925675 6.882580970375592 6.009295603428747
42 12.063043290938175 10.276396892321088 5.091972820483004 6.363209078007403
43 12.377360729285531 10.949663619108781 8.763719536221224 6.360702182422204
44 10.631277560265325 11.247396948554643 8.399322989511889 6.0937069147499745
45 11.631399842055497 9.378438090751041 6.098282418493906 6.470085363746885
46 11.667722873229831 9.466610175991542 6.099504982050782 5.983221804683945
47 12.58145253872909 11.226359317364308 7.051461595205237 6.081261775810387
48 11.474734688308464 10.121717756046372 6.13993037705716 5.986778171549104
49 11.731313210894232 10.332946007648358 8.06945598833362 6.248585937670573
50 14.284855745962046 10.493749623704113 5.909486835476131 7.070816803093418
51 12.15617477493925 10.744848852380365 6.470982227048092 6.724089498181085
52 11.488764740860535 9.697447642518055 6.581987925262231 6.827685346315467
53 11.106105012328936 10.41906018515878 6.164632652282691 6.296354915743913
54 11.839847158251695 10.74948580581121 7.1599931655079 5.776901739234233
55 13.021774560907199 10.56931909209535 6.110354056409478 6.067127156762106
56 12.354187154470624 9.533387915707145 6.232761695076165 6.1700270473613275
57 13.172517967502781 9.956466385849257 5.944506470233714 6.07831381635529
58 13.466086969371982 9.990201192901383 6.522221929068716 6.932930251118922
59 12.786096891774154 11.00569863132996 7.291372703156008 5.560528609670455
60 11.24938765473663 11.514952539341179 8.8942455711661 5.677280295731095
61 10.890803297759023 10.530654524671313 9.117705960864857 5.656824951970798
62 13.48142041269574 11.698331692935792 9.229659970743803 5.821020198592369
63 14.364669445502912 11.287183582038542 6.036087048160751 6.250723970284164
64 12.453246444095294 10.35277696837552 6.352725790339197 6.1837230051576215
65 11.77638585803834 10.240947964848962 6.205264544892198 6.515999440562602
66 13.127561028882317 10.29959457249804 6.017790505206645 7.020007014264401
67 13.741133073715464 10.693901710724383 6.17228968693999 6.060356626351629
68 13.079357135959372 11.165364210311669 8.274954345021134 5.610642516552841
69 12.131868059944768 11.133968568503375 6.115420037342066 5.932781127288492
70 10.812538400766245 10.59845238916501 5.957751271536831 6.048389919158397
71 11.535137452739862 10.522530000495657 7.640431919578449 5.941775638088013
72 13.777818592915153 10.275310752613477 5.97998843469039 6.445566517250995
73 13.76405048710622 10.50474900860088 7.260734413127757 5.80136417954233
74 12.440185185988785 10.0161620290497 7.4215622285019185 5.626054860087866
75 13.023771420470146 10.528230914834088 6.779975809550113 6.0171487317469685
76 13.500176367027638 10.66061979189689 6.636238359419259 5.856623471670432
77 12.038585291706987 10.324607094076221 8.462378924383891 7.246968333075991
78 12.437473294849296 10.92979914106547 7.284130460417767 6.833228492051138
79 11.183660561378193 10.013998138801988 6.559427762307631 6.409207069841868
80 12.822900268161973 10.978785452169658 8.38623140822089 5.230405419143049
81 12.6628243475838 9.903890405075687 6.069954188017269 6.994497211140749
82 12.157625224967386 9.146611486985691 6.259528768434687 7.875907412534876
83 11.973568004100992 9.96857222041848 8.02528319119503 5.8937861185989755
84 12.121318999405702 10.621584720505963 7.139866550901121 6.739444024712477
85 14.7854910921245 10.512145922008923 6.891041907648108 6.0555766608009876
86 12.119244163540491 11.035950823400688 7.723479967295137 5.880339444056177
87 13.05275671520252 11.095690021649956 6.800093516387386 5.952360061929321
88 12.569133027097015 10.642248530994618 6.733293866300122 6.503426776173908
89 11.48000721957984 9.998449441615568 5.76431312224181 6.278710875794549
90 13.701483823785885 10.842977628745446 6.50642729266424 5.645157550037694
91 13.01823411639074 9.793499267346354 6.250059077271786 6.454893765780746
92 11.63562772134936 9.492589835466179 6.316788190802826 6.5012296412076
93 12.910875033993726 11.242559466665712 7.894358300004078 5.683917707627684
94 12.114105386941457 10.505356579514116 8.774554305124976 5.358617687293262
95 12.387722166253381 10.914067656915122 8.138046514424559 5.148411638207785
96 12.02131239281006 10.474756366417399 6.066539221767899 6.462964520872786
97 12.37086959545449 9.30374931160508 6.519608427965782 6.127286816556307
98 14.140198632973544 11.406744129056836 7.336920636216782 6.000243212107644
99 11.27049993703234 11.824709583436155 8.132187053784033 5.581139396369933
100 11.054115299716512 10.42102975171528 7.150900368794537 6.050045662402587
101 13.083732636079825 10.945955686340897 5.8971956163901815 6.4446563938903925
102 14.077407659553616 11.05331930024231 6.264353978585295 6.560414283786074
103 12.535856430764227 11.251348112360258 7.702417348109051 6.253396660070932
104 12.3098229881916 10.281846395228623 6.055078315452346 6.740430634520764
105 11.432137733871697 10.713184326676867 6.744052561254337 6.163081970441821
106 12.056521854865936 10.261980751519431 6.481066732113051 6.354693036134401
107 12.81915673276096 10.889756805204446 7.9561653609752785 5.562171147448101
108 12.167193464016457 10.33551103043648 8.289415808200815 5.177467728654464
109 13.480413003104792 11.50420881470436 8.558140813088562 5.669617254433096
110 10.470399220698589 10.742367603113747 8.908366142042713 5.938364702035948
111 12.59689871001699 9.939141705312675 6.628124038845888 6.882299867300311
112 13.0065153038778 10.452258743572925 9.012625742514539 5.863946079349334
113 12.804335582901484 10.052861054331466 7.698628968140315 4.966723507175003
114 11.592789087937398 10.330522598839138 6.197332655942545 6.328389901644778
115 11.36128540198334 10.258802704134625 6.948809195196834 5.8178190211541665
116 10.623534763813383 10.065681839152184 6.3820925234723065 6.148017598577559
117 12.641733983315513 10.542486390901795 6.653641839355534 6.319877106165394
118 12.030974714959747 9.968888084476982 8.593568455236795 6.524188375730447
119 14.72785875246961 10.651218181031332 7.2148185863179854 6.180549946070702
120 11.609398720076454 11.161850432707315 6.357782014580775 6.3790981963319675
121 11.624608897200469 9.914719742255901 6.039821110362024 6.128092605860657
122 11.524332546723004 9.880497552073425 6.613207877497051 6.72512239970416
123 10.758992088795372 11.091879755295697 6.636200147364273 5.9498288227695255
124 13.694621918809066 10.98042510750036 6.34994780307321 5.970626445282467
125 12.374535706845155 10.199205209493392 6.178463095396154 6.055661929780245
126 12.861676916361208 11.055841417522945 6.636561740222476 5.919289599328379
127 12.229444880829204 10.973074367621557 8.76950047378192 5.480877432891017
128 11.400211378198778 10.03222471439285 8.136371536647955 5.689229095440786
129 13.435560921460965 11.007876377793245 9.361399457845446 6.43049928303808
130 15.805757292308552 12.226882454660911 8.974315749584923 5.414146541566589
131 10.770309591400235 11.71073783457935 8.96497694572425 5.37174865642874
132 14.796848566284295 11.872744787620418 5.908674838015254 6.453970578887366
133 15.539627579922671 11.362229842669594 7.574418830086628 5.829985804534544
134 14.864456415079479 12.235958600603771 6.922412714489613 5.732148222277967
135 12.400367397819382 10.905129043794364 6.938525273801305 6.346735587184832
136 12.800549976642943 10.533452607297416 6.969610495179426 6.930122739308404
137 12.769297623520739 10.52470743454885 6.475556541489795 6.659142586808269
138 12.37838847760848 10.271364674415342 6.863677476468269 6.704714604496863
139 12.40630064479176 10.541695351497552 5.988823318188349 5.875110928623925
140 15.133279238396309 10.165449389198534 5.983066946489607 6.047421688441953
141 11.298354337096033 11.09851221776969 8.349910486311192 5.165729428924855
142 13.103700992160451 11.230436175509206 5.874473945674306 6.127359837315326
143 11.049113370571435 11.197329810943623 6.303379975260612 5.59710305692727
144 12.581858010631889 10.318435849064551 6.130901356649625 5.87633353333971
145 14.190572798221165 10.84554113224325 6.898518301883186 5.897304866441579
146 11.966977596302785 10.157075212031998 7.098103579937283 5.7097131858405765
147 16.2079689984432 11.58032126213469 7.393666064808659 6.123644634951088
148 13.022902666065663 10.5486236379354 6.812331633336845 6.500217040982432
149 10.687256730868869 10.833742101214458 8.006009205797831 6.017043980140097
150 14.120794039965551 11.686445416912637 8.184666209478069 6.004293071683624
151 11.521875329373358 11.030802792515642 9.038934673671593 5.719612104121729
152 15.387645270552046 11.721465970703747 7.900102183961717 6.21870244124916
153 14.869448117216171 12.164658890324265 8.925130582484606 4.956237182285167
154 14.464610950772338 10.999826812155973 8.515404367436709 5.15524761229158
155 15.904152808926625 12.368472843702957 10.262061751484108 6.220327818693169
156 12.442771942105047 10.08751796854664 5.528829741299868 6.428273307457662
157 13.107587687024376 10.391206756022793 6.513780858269223 5.924597291285645
158 11.980020433430946 10.454934260955449 6.330189501779974 6.429554810928462
159 12.459732069649013 10.079819399686503 6.866391947045781 6.123244224174853
160 12.268339533627145 10.60300614552166 6.353855419055081 6.324666866036415
161 11.46265848206261 10.383372492978653 7.425876712317543 6.062108287801738
162 11.621039150128219 10.401829457685832 6.79454854806936 5.9836037178537635
163 11.195625625285734 11.244514326723946 9.46491260781015 5.865614818378755
164 13.30938615134355 10.13843430130644 7.778640365823009 6.37775659575202
165 10.343112673358608 10.165172182731235 6.64225307479776 6.374008278315746
166 13.07696543144025 10.197512100623207 6.662452042077937 6.170924458040172
167 11.75360828236644 10.279790113644408 5.8643931563918175 5.9220499954574946
168 14.130098591305712 11.530799401634725 6.618499465487045 5.981576902350979
169 11.361935263809768 10.342557270225415 6.416760188752939 6.009985676217785
170 10.18950305406168 11.075442479390633 6.0977010443750705 6.269867959064857
171 10.396343924015008 10.706540553611637 5.726231548243077 7.028995594887621
172 7.77248371219831 10.804732735415328 8.804943975187866 5.404970866398779
173 11.32191870988746 10.362352618133565 6.602237802909393 6.962897178714983
174 8.061473422440738 10.139286199327664 6.275271370273624 6.427848947113329
175 9.680033328647427 9.623970551457528 6.547887708680939 7.152024852524111
176 11.778957524751887 10.901237234691479 7.055483355965814 6.014036424119801
177 14.665511191858695 11.814626366499294 5.789967957148385 6.382890662319388
178 11.844354005899342 10.67515008777781 6.092577946551499 6.156636526699837
179 13.44133784033729 11.26632420075266 6.373248446795251 6.3066426034996255
180 13.962503085446063 10.335003948551563 5.767008898470353 7.312453166036759
181 12.383457684307938 10.624100180864383 8.207981654703943 5.922629393277802
182 13.020128584448125 11.04692615541835 5.797091128419794 6.299584876500515
183 13.050917038601762 9.772032528094597 7.715124258849209 6.83440434929687
184 10.887921325998187 10.18090757478381 5.989164700318923 6.698924133377308
185 11.326896636703182 9.777988753957517 6.72864851099061 7.004199481906565
186 13.947561910806117 10.033215782104646 6.682761191876405 6.136909180975004
187 13.016448093022051 10.542946964358537 6.729472594903438 5.8174460911988355
188 10.438226960499536 10.328520672678845 6.233707874890214 6.181210990579225
189 12.448690537380928 9.875303367852117 7.641562719230243 6.05286654890862
190 15.320824356763756 11.672540936901644 9.024169423339218 5.2716193413900525
191 14.475109099246014 10.79365892454394 9.238582477009606 5.844793533934389
192 15.088523315185059 11.369229986435387 8.78361082961611 5.357833492319992
193 14.012591081808784 10.81078669520645 8.606264910357524 5.210438872535772
194 12.039888884014491 10.179788591892486 9.010072599085072 5.6249250187382
195 12.455702205361025 10.675283537276242 7.687302905617327 6.015831200410966
196 13.825297324932318 9.962289999079644 6.089481592478095 6.897237442595785
197 13.38828233594985 12.485793002735884 8.41915420514862 5.754943157462945
198 14.227110570866857 12.27739075601299 8.824194827008327 5.119354951868845
199 13.159935072367528 10.42640658625088 8.004644036201244 5.638753212205923
200 12.603008175636486 10.25926122858239 7.960546919769568 5.6792016490006265
201 12.10954532088802 11.037345958712585 7.5196471009652 6.074794120186249
202 13.212779528830533 10.749199310686315 8.408943596341668 5.54572808124813
203 14.040941375026339 10.788311735755032 8.700535768762983 4.92499340885053
204 15.959348290418918 12.187888166101892 9.251404178853116 5.045560634393958
205 13.940739487788418 11.933884688708515 8.485618711087977 5.17073968146581
206 14.267282124641966 10.69187509136135 8.624532206944554 5.7745617581922986
207 13.733855898254681 11.474027622899406 9.185115001526416 5.21534407308928
208 14.799136179421156 11.670252745107835 9.489142144796896 5.533774780313576
209 15.00936958256454 11.089268958367997 9.366823323730172 5.374664688229536
210 14.284857868773319 10.784082693406543 8.67468436617597 5.76479533024874
211 14.209213676045954 10.805780263557608 7.580576982331702 5.857156566357775
212 12.313354011659573 10.645121641883755 8.156531082746485 5.45579832432737
213 11.749813750902806 9.92796703171831 7.098934785356328 5.765346937304219
214 16.25911396034761 13.091296405823451 8.91379517512337 5.835594783650732
215 15.350223053770705 11.505166237254642 8.468324642207993 5.446839725497861
216 12.525895097645796 9.971587403130435 7.29401564752132 5.861063775835917
217 12.003434532607768 11.189041401412688 7.594845446252506 5.353611757103112
218 12.571118395015302 10.59901084388077 7.926257322385234 5.674534615531096
219 13.255230564728754 9.81531387087713 7.435788798447702 5.536615369129348
220 12.598594146177383 10.088304812290316 6.858990278013077 5.6980094026623185
221 13.556739008104238 11.897106944298445 7.610086283800826 5.330175998040842
222 12.220698621898384 9.886598172468352 6.1657265293024475 6.091501433498775
223 10.84831839885924 9.723546627981625 6.435502071962553 5.877642319616921
224 11.723762111109602 9.893657099693002 6.528957369514938 6.312860820727557
225 11.935655385856947 11.220772077937871 8.219988851761615 6.553506873358598
226 12.240695393312771 10.38773608341488 8.508866749727192 5.568478794024307
227 14.720763904487452 9.990892453987927 6.516867242291972 7.193300083658581
228 14.112467088927074 10.641300867570404 8.967835408930735 6.497267619843512
229 15.653480483878377 12.56119887367533 8.236736685617815 6.151413921689029
230 11.822802379061809 9.36386103761932 5.552129115223259 7.761811429586691
231 15.361635517932374 11.180931712412933 9.437483053865543 5.565039387586828
232 10.159820153952936 10.574771987339604 7.36869849095449 6.090060651929583
233 12.64050602101087 9.56886796572188 6.281420074236797 6.408362661674511
234 13.023536236809814 11.160662130685042 6.454437027045217 6.7546194618733
235 11.7657438994266 9.362217301670292 6.568651588532443 6.197664790081763
236 11.305709320872275 9.923015376891813 6.652149674876577 6.361772540474978
237 11.140401154223568 10.621081495798636 6.853270133150459 6.14535402212371
238 11.193643283088015 10.31149691450131 5.964024812044878 7.064534248157476
239 12.331360689542965 10.323083067399054 5.9886305069005585 6.367095973280181
240 12.634091057612274 10.12338059385495 8.28812533779456 5.9398595101838625
241 13.333353272791713 10.420088965517962 5.942926619970007 6.357052452465009
242 12.220296536804899 10.144624605027596 6.756626540012475 6.4076809456831665
243 12.445199928205753 10.369213295671475 7.469826421834948 5.86420781918763
244 10.275997777764472 10.039071638178784 7.6115922255383985 6.553824563058201
245 10.468348787561906 10.441524948866268 8.979096295228425 5.227796464803785
246 11.329088236145502 10.377367545956306 6.601901842372678 6.536265332386129
247 10.429530230483559 10.22738989072643 6.831299394197888 6.083855816297663
248 11.64575966114551 10.538524799308956 6.262133603075949 6.134943290690817
249 10.63915289231356 10.562410268597759 6.620032717419729 6.478545229725635
250 11.141846228018611 11.519147586519525 9.070775575697681 5.427954247825348
251 13.202214089274435 10.506836803789579 7.32752032139701 5.539490837530351
252 10.444569230690009 10.514489431243726 7.881390563767213 6.557860800140906
253 10.461438497530356 10.695729542525154 7.094791477977763 6.18061329804051
254 13.97424021915436 11.956892520279036 8.832626717861492 5.770707276523759
255 7.021883968847736 10.380230538922364 8.925311098033012 5.3042257168389995
256 11.402768427041801 11.1110575478383 6.304109110158734 6.759460918825101
257 11.477457729938372 10.622109001226997 6.0674528530846175 6.451200830361775
258 10.365685000522076 10.256588868136495 6.566935236528111 6.144492258179546
259 9.705463278825874 10.27183687372724 8.89647239408744 5.694282697753555
260 12.105483790941594 10.137896701921873 6.127746653855805 5.9532401311747964
261 14.92105294481408 11.77390735438166 7.473176000152087 5.664284015412216
262 11.799504903377148 11.524164248809633 6.297080755702873 6.429041444135602
263 13.28989585390087 10.856182098559744 5.8660782735602615 6.131175054135927
264 11.089384551681203 10.117977238139282 8.73369710284546 4.930507976065285
265 12.876797004813927 11.133308589669596 7.867551395478526 5.173800648869143
266 15.361546880552321 11.150973341844832 7.676050200892698 5.7181619521780584
267 16.068462438375292 11.229271437696775 6.044999991069553 6.780054464239757
268 13.386678972173772 13.645557381779195 9.485374350869412 6.377512418518562
269 9.084137489959673 12.290030002078593 8.492576874368918 5.968441824268809
270 9.13864717893206 12.523306560353328 9.264111007578743 5.995797676411448
271 11.0042786231715 12.888587579783124 9.047644485244938 5.224517103467269
272 10.536754461645158 12.35489122314794 9.178177801997888 5.481381473915717
273 13.463113407008732 11.296101790112694 7.521580277858892 5.33340510678821
274 12.249018086148423 11.889565773414132 8.319973173843106 6.241240235528789
275 12.158244808254352 11.788599596156002 8.119246839751098 6.429153741821661
276 11.677187485513452 11.348151171749164 7.008403914690873 6.069450896771079
277 14.283364349417619 14.611856153892193 9.260315422654442 5.343292799233164
278 13.630786877566878 11.786316784798727 9.103778412595144 7.059187062405661
279 10.02387052395108 11.897487810846066 8.936717452866304 5.729032486152485
280 13.944781562630848 13.045317491203184 7.8259586886504975 5.387069345670621
281 10.218241647005899 10.268601918399046 6.333413938622807 5.88469192250777
282 12.831057257038786 11.042517724448636 6.93427929472131 6.046709582570426
283 14.620860159056912 12.326191940981097 8.107296514366174 6.2984995162275235
284 12.261209444690708 11.435370314556298 7.085561643323143 6.31211034824441
285 15.501646442429125 13.364378263282758 8.588565861044852 6.325875657796397
286 13.82170253627576 11.83267491388474 8.239404781150661 5.784125579720518
287 15.029740389185521 12.113657411796003 8.883067076423195 6.123401888032127
288 14.967845527339849 12.739281090854035 8.905526309817386 5.58771732237693
289 11.544784078411475 12.30295949301765 7.753568881219061 6.33148366391467
290 9.529040162717365 12.073330286256402 8.734031655256896 5.532499995957063
291 10.254711259619508 12.316879680581092 8.657913493848953 4.9714997926719295
292 13.10592084303838 12.963534758470622 8.975994027617332 6.1995315027550735
293 8.026503057227494 11.601854432047292 8.658584403820987 5.818858421300541
294 8.998610883543602 11.179445721318302 9.847341132056908 6.2781420363601255
295 14.254906587011444 11.492719720698226 8.360409291999803 5.592216533859952
296 14.261027176152744 11.503042771448618 8.178175543715529 5.205987963648747
297 12.778430609597638 12.62262365753965 8.474341666576434 5.207174191465057
298 12.752558943771495 12.019284835670248 8.152678455150507 5.7119941813804544
299 14.111384039760669 11.334418394597927 6.410908174800221 6.569508853969763
300 14.282294141447016 9.347680834248072 6.06108412719086 6.23126309173569
301 11.563010194261738 11.084814147075761 6.9141143079158365 6.566488671551906
302 11.249855313800909 10.8653689309943 6.498511441071107 5.998696708131537
303 15.898436795400224 10.110000938968076 6.569854755837702 6.436261483953762
304 15.430075812549752 11.963844701966135 8.439081696747126 5.266433961863436
305 15.517243295740613 11.650132843547121 7.909340924441797 5.0399529893737105
306 12.27180723557624 10.71555824631156 7.558481667104836 5.287133914950912
307 14.665676034760457 13.058069020430016 8.603200513109002 5.542568098890284
308 16.151631247838687 13.874941107273543 8.6935284782317 5.536119827253061
309 15.571309108091842 13.145418507617546 8.749426015387286 4.947093928501812
310 14.790473438446082 11.049621471868326 8.333041547101432 5.392784182670651
311 14.46427977197552 11.73535773731538 8.82501604809526 5.637419872870561
312 12.248525732134247 10.634565247942762 8.069363392768855 6.501798800192344
313 15.664809765114288 11.045191758966537 8.913308437704229 4.870164391874531
314 13.274526324776744 11.803206474928622 9.025458401715449 6.118078372484678
315 14.721413944774346 11.201187903127016 8.726462906992241 5.583217029354092
316 14.304569081547566 10.665116457091644 8.378110664850743 5.495549762276464
317 14.625947112542963 11.638368574988645 8.918249100563285 5.913261025914344
318 12.570899652395367 11.249858940668014 8.418387862963074 5.808319172876503
319 11.153196459853412 10.497739784136362 7.178019292851774 5.9315194568432466
320 12.925328948281205 9.69646901838838 5.963936005811327 6.505854666174322
321 15.115239430393789 10.968328522978283 6.016793907694365 6.439530212020456
322 12.774979527768794 10.002856988237468 7.493638633337988 5.290714026419009
323 12.525545290210864 10.714374980682667 9.313898326067081 4.987488050956231
324 13.187738203201821 10.695120712093425 8.295766853766251 5.069893583885491
325 12.682308959402466 11.416718383168833 7.9816026076039615 6.0907339191942445
326 12.582419090549054 10.770072597931415 5.917734343636149 6.407261950477513
327 12.372858220590059 9.893322808479638 7.822583496802581 5.6835341595919475
328 12.336483712881794 11.255000791650847 9.232487951931166 5.755803893630243
329 12.964180940291525 11.440775535057195 8.947312338375724 5.318782100166081
330 13.751934148903217 11.278159225699897 8.843334773793067 5.20415072900982
331 14.956897539043778 12.076350687415875 8.83735435329184 5.000444041238225
332 13.04143141432789 11.40083439753652 8.59976401084571 5.157656531401596
333 13.888325585517526 10.276751278167325 7.522131394476819 5.767767756146495
334 13.498050436080046 9.99037235236397 5.859991563846945 6.564217691453509
335 12.559403093103146 10.29078771598982 5.893585311942476 6.401356433950351
336 10.068925462289208 10.724995199933774 9.072545727058833 5.110614115163929
337 11.940377773971786 10.584900659101338 5.9816304048345135 6.478464099469404
338 12.53297487000711 10.194468050907922 6.112781924783506 6.538613579961466
339 12.887563016157657 10.681904431909663 7.504343926333594 5.7827826039356545
340 10.439266170813006 10.3192031175133 7.720759089274482 4.942990277763442
341 11.622026071904946 11.88641024239433 8.187076881944888 5.806880450016565
342 9.453480925286623 10.534922065644462 9.175690030167003 5.911959796738417
343 10.315736283441966 11.196526000601045 8.212687406531272 5.942351725084804
344 11.716379575016678 11.079893679258184 7.524021495400733 6.340127132785293
345 12.773178157656378 11.911935665816126 8.30975236917788 4.842299373882757
346 13.242476576138923 10.674942321576596 7.248662943629471 5.920415034034037
347 13.831519762353201 11.071084462404146 7.482366932141842 5.285285580960512
348 10.83796144583147 10.360964652892651 6.196995388893255 6.1087911320150035
349 11.99440938083001 10.105078527858579 6.500549968806351 6.109959014811247
350 10.074618580120408 10.718884073469853 7.805303271133057 5.84159964942799
351 11.78470890324485 10.070732873077898 7.074127233813438 6.337646606720771
352 10.700759353563704 10.027782945705773 6.415415553652333 6.033607443594034
353 10.86821037635377 9.624430876031422 6.389867349449968 6.631959040642898
354 11.622043554211384 10.392230010930714 6.643981421401717 6.172212597063965
355 11.790739067699826 10.809233445430689 7.043697205003073 6.333753732128003
356 12.01085156228118 10.255192276742683 6.3252892355540435 6.475042500351836
357 11.412059339300477 10.057216478372514 6.230578463679684 5.9824896503683025
358 12.668144080038084 10.715766838512812 6.512589912997986 6.5586779275094385
359 12.218303010210576 10.46556202230787 6.5591127809814305 6.01555724706712
360 10.709458549776182 10.590034228555966 6.072830098539925 6.224980386778584
361 11.528544523953798 10.892314803652226 7.213459519886326 5.84008913924263
362 13.18440758239257 9.964640176191754 5.840973008502812 5.802598401088394
363 10.99226025855494 10.117038527240334 6.105200746162991 6.260224298617553
364 11.582707215927261 10.582030622768494 6.3483744094139425 6.194492876149655
365 11.638606369804299 9.652574580175163 6.19024677732592 6.141378127089766
366 12.037155806838058 9.874791650335048 6.899104971462088 5.626514834757667
367 14.466623143416744 11.242720444482597 6.04352411256567 6.458727413913502
368 13.005998213657751 10.972372955174727 7.128006833100081 5.9955724117476406
369 12.595891933430837 10.297320952149672 5.952093340919037 6.421665747421108
370 12.06407656637956 11.181094407132926 6.876647429093915 5.817303214535006
371 10.302259565987741 11.051964793419767 6.210756882101083 5.6605671403352815
372 10.956470107521941 9.76399816875563 5.372371438416974 6.93662030046786
373 14.160108376876293 10.659537376885885 6.005555876904355 6.438761596677881
374 13.919503049444128 10.586715245514537 6.07126018808194 6.54534011060428
375 14.877860077602836 10.401441834879646 6.0516164902209155 6.626720005246648
376 11.133325825689912 10.639710793571906 8.619293366068 4.976033250462548
377 12.669398586950427 11.285065338876954 7.009270191759904 6.66522035209957
378 12.353014425540868 10.381218533258949 7.936085074428326 5.904764317572041
379 12.526755418378619 10.77841011703316 7.64020490644599 5.568872320375277
380 10.249367228140363 10.006584255438359 6.879870373546154 6.032588994889722
381 12.294703442423566 10.673548899363396 6.015537764860205 6.232396860281545
382 11.909124332094958 10.448123463006104 6.250492043146597 6.2258548109169904
383 11.885895494325366 10.164207169949842 6.80531631155323 6.425923749973851
384 9.856264462241205 9.542870572082045 6.090933739446006 6.949519430183182
385 15.249501925200445 11.04798238050999 6.133188776073282 6.913028498900015
386 13.139921336648007 10.383947016865555 7.940036142053529 5.99326279652947
387 12.203497047291561 10.345969449235602 6.631092689120742 6.356334452197184
388 12.322352018685056 10.967598405992597 6.332824106194894 5.900147718535322
389 10.936543119301637 10.329124702184682 6.677493822404323 5.802867262638278
390 10.676513162342575 9.933033464251288 5.84220506153612 6.183055631197201
391 10.678578071456243 10.95624453139916 8.505774831499679 5.842940930453507
392 12.437040053135036 10.321557955810807 7.00336482259959 6.028762549855028
393 12.541209283880686 10.718610171017122 7.982993707643481 5.505392326719241
394 12.17249582826635 11.383718920398744 6.717055484549737 5.942487893600928
395 14.725647898134167 11.408214125498874 7.683713023905798 5.723146531493757
396 13.270406803416176 11.541392990374597 9.014320095709833 5.085636508501291
397 12.28712161699598 10.834277117488122 8.8372028877013 5.524003153124498
398 15.218453848396441 10.598683082534112 8.873708518285154 5.131769500639757
399 14.85514194191031 11.646149257825872 8.798114789178276 6.912981012077983
400 15.173195514664336 12.594712129554207 8.56725672969492 5.57975960321955
401 15.02935693723392 11.069528764647913 7.647276386305095 6.388700740884788
402 12.8168170620928 10.202331090561803 5.815990033584277 6.190369501151728
403 10.734437489671075 9.644137070892269 6.61333914818747 6.802773750070763
404 14.390298386367444 10.645510624522759 5.866005099300727 6.204070944853974
405 12.078709970143963 10.655183678995554 8.86605707037945 6.220955609911778
406 11.288422894470232 10.649949499187644 9.036936657881263 5.063898259373639
407 12.558466325077582 10.286451541493498 6.310424784589452 6.139052868029238
408 12.383456645021493 10.457261543641259 6.2351422049659275 6.199294064576826
409 11.099298213308154 10.262710288191522 6.063106899474675 6.349302557741904
410 13.313646062628004 10.865510672242424 7.258462999916636 6.22840791375031
411 11.12049972935949 10.294007870238742 6.236574971436121 5.853686388715146
412 12.69600374868577 11.24107601687131 7.3991199860563155 6.658828391693304
413 13.658228591383033 10.512152926167653 8.971138700194112 5.420163313692969
414 12.558536729121888 10.824396289374814 8.682016528998433 6.595446723507252
415 13.036145524759364 9.845133092955363 8.25020089392712 5.737881376870034
416 12.583058344789634 10.71046447440123 8.473140166584296 5.1548400319802345
417 11.248830052266204 11.367107117452559 8.354252608328263 5.327373535969396
418 12.34465845777908 10.78782887116899 8.993419887733696 5.8753856609110455
419 12.481445053681949 10.692502509194187 6.665846646034853 6.293380118740003
420 11.023833075106475 9.776068285396699 6.87501738447911 6.6033514180347685
421 12.11735453970133 10.516608724113384 6.530251330387739 5.926021137643112
422 12.862270427569708 9.944673215153475 6.118194424996221 6.193194453765641
423 12.090611752347936 10.398345060301423 8.307285183798541 5.765651340243437
424 12.606949108351733 10.786434382922922 6.293792575907439 6.30436500355987
425 9.534163806436483 10.690830605971371 8.415933528202961 6.738198441018411
426 11.256680749584918 10.436228851105795 6.146224133525829 6.439399702757379
427 11.430152042849954 10.30200651232066 6.481824351155046 6.55426778914348
428 10.949773156585449 10.70019490186264 6.558510952286791 6.326174658893071
429 12.128134285772028 10.627260419353933 6.236646753565575 5.958444716109957
430 10.38484534375755 10.166072672167756 6.893699941608729 6.165935768912252
431 13.032620579754834 10.951668326294065 7.093981880048514 6.197045413466198
432 15.707169225996584 11.143274497725638 8.113319104663391 5.877569208744174
433 14.110875516902789 10.783981202183375 8.597852469907384 5.561304159034332
434 14.93649077281199 11.600123764049822 9.294195597786606 5.389050906876345
435 13.806202123702526 11.02774866115353 8.760443988275382 6.008076825434349
436 11.935270265824423 10.730709702644612 8.00187163536918 5.468518226559757
437 11.650961876608052 11.057903353932872 8.0696567193881 5.392563305990712
438 10.707588483051792 10.43002661483086 6.4512355493066185 5.911029075034023
439 11.15009776449609 11.623044687472522 8.150072516588322 6.257443723096028
440 13.068207269518657 10.490646551241825 7.314246294002115 5.567469184349912
441 9.809626988023197 10.31804945923119 8.75635050138916 5.478286279201919
442 12.933343543917726 10.415348345189788 7.421512183365706 5.872007131252743
443 13.103657335116244 10.443135424819616 6.422153155429456 6.199796788930628
444 11.466631103034523 10.294190300532957 6.074224169020463 6.461549412059273
445 12.458298136417456 11.455069363404142 9.377476504456983 6.234008972548491
446 11.72611947883103 10.128720392313369 6.2853044243653535 6.038029316534625
447 16.5098094170894 12.834698915511062 8.748634669523243 6.007710376659106
448 16.28587457420748 11.360579493009494 7.35416001573617 5.9989707861711175
449 13.519868963073534 12.121484492782631 8.537616663450384 5.64111407336023
450 12.320612829106327 14.299459458490295 10.134336953059202 6.027975579712345
451 9.800582249243615 10.439798369013372 8.696639372486992 5.5132292308081245
452 11.411543572272535 11.724434514314705 8.439013487890529 5.1118139142041885
453 13.149865176588904 12.49124522453265 9.291465195582933 5.245239341377465
454 14.078757954235174 11.139273417231845 7.5545237701607775 6.019224762933345
455 16.332018131142593 10.698375864461626 6.4417500363742 6.334982438188664
456 17.436962029808118 13.058518819142177 9.245848241328607 5.143045371597408
457 10.984425096731236 12.978544406021621 9.033315419714548 6.1054915182275495
458 12.69454094484877 13.61953818430112 9.073527690874036 6.090633826509361
459 11.54834644610101 10.81824949363511 6.461235780339797 6.310579608358391
460 14.097868144842764 11.336759914740648 7.771190670480259 5.761704761001457
461 12.219724730813951 11.666014616785345 8.69025355177358 5.32446146802409
462 10.525307585505942 12.487209933097848 8.143321672274043 4.8795510613160475
463 12.009250681241411 12.934494837117569 8.589230326705826 5.11754596675093
464 9.834824764331659 10.487183898281762 8.91379288177959 5.243036585727999
465 12.065923925117314 11.71451233246462 8.000403371199145 4.99470045472425
466 10.523464450543583 12.237334522475582 8.808588793358616 5.434153193036703
467 13.311490626816724 11.744754185849647 7.740987755164655 6.174704918753619
468 11.955218637874395 11.520346649132646 7.538686082114623 6.12506003177538
469 13.375972414407512 10.711381709127146 7.401134070220381 5.622052785471672
470 13.70387900368992 11.338121667787126 6.734374238866319 6.166284315007041
471 12.755969570566384 10.799548498554355 7.302036996825448 6.577770757604551
472 11.282239663452597 11.240527103213049 6.328150534421935 6.385794298702417
473 11.947712896289472 10.663687375113426 6.43633963087331 6.205839539482905
474 12.772417262475058 11.00237703229474 6.282268468554425 5.83470142687344
475 11.348276386868811 10.815119191133608 6.72548058728273 6.144028616128514
476 13.553382306925684 12.80005802453381 8.06921082832207 6.497970934927819
477 14.950409681148104 11.644933173462867 7.798983943905454 5.799648169675278
478 10.391479433303346 11.458280028752169 8.45444450666927 6.04340806623446
479 12.591369508462089 9.11327475666181 5.9410358663317515 6.965774380586687
480 12.186552474318404 10.057711725003106 6.524539066053106 7.15889172077066
481 12.399018765950487 11.16342737396958 8.601963998476926 5.90568465832311
482 14.333151593683725 11.552313796210049 8.492194381509728 5.778095018704751
483 14.460104637097535 9.613202652374735 9.232161917128172 6.706911574942623
484 14.330074652862482 11.486131045679704 8.736427128147103 5.476873680914201
485 13.134469294443127 10.357176649478522 9.434083959947177 5.248194029079776
486 12.763012101874823 10.500097972962722 7.81528559506543 5.883472854455365
487 11.805847598256056 9.953143561300086 6.736438338695579 6.612691361243416
488 13.576356121502068 10.075939457686601 6.484559900251465 6.810198933805544
489 11.1046194898062 10.65808964303744 6.279469814614702 6.1716632310327
490 11.310973033888432 10.083486098854133 6.054137563884724 6.207602361903882
491 12.333072544407356 9.874944436408704 6.217625000991528 6.492255554933168
492 11.033032415836924 10.063882638595242 6.32028336504641 5.958620947233536
493 12.188067479691354 9.837505603212394 8.664269865084917 5.407901863847887
494 13.72925629147952 11.773685392619065 6.794521668360525 6.73847284290395
495 13.668092678963838 11.888688402988324 8.829686360902137 5.193264468525087
496 14.500961059056271 10.847167475629211 8.414704529980739 6.33621732204716
497 14.732270445552277 10.99882901250388 9.143970943002289 5.639216616193587
498 16.655889933739996 12.768722675884733 8.692169990614014 6.463834801866838
499 12.00804248407665 10.620433728264285 9.365450902926577 5.4385590839440505
