0 5.247322996973672 4.481482173120259 5.289959958632224 4.799110367204891
1 5.096887241049774 4.279636160720394 5.266486148075604 4.704876963387922
2 5.264341853948084 4.327633720603013 5.207981596201534 4.8520060169271355
3 5.254422822162516 4.245338057838047 5.2257710517923766 4.837918892029424
4 5.09840851347459 4.1818672081375 5.447945623354426 4.916857911019096
5 5.295406722164624 4.235687453545675 5.522929567134279 5.2015090780002655
6 5.054408114490571 4.1955342411322665 5.505226748762572 4.889703953835473
7 5.138915163979127 4.156613120936182 5.3679724169893275 4.696877784521604
8 5.263381004303737 4.307091170875056 5.280637721510474 4.596608489847545
9 5.040556212291251 4.2465245651411445 5.434376553058985 4.387310946235646
10 5.198394600337343 4.468021966641487 5.480930691661221 4.454604662301142
11 5.431517954447988 4.278505452752806 5.154120166198763 4.486055439599274
12 5.172781184403738 4.16406184797587 5.201759577145832 4.518058516455629
13 5.030162082094374 4.426814363606661 5.3946067450403605 4.53387762463638
14 5.272953152769899 4.410789231081054 5.415566477489293 4.652678263708603
15 5.344138376677093 4.3683761675765425 5.3505770618960025 4.353043573274157
16 5.43522945192229 4.352718886525273 5.49774755142065 4.457010758521509
17 5.270705223224255 4.355395249417934 5.431761444623151 4.570590422995301
18 5.3460789800640445 4.248482926011845 5.375376817457523 4.372945020093436
19 5.4393963185946275 4.394935912314016 5.378479742952639 4.4512291167768865
20 5.240559913672136 4.377165453033295 5.541180864698715 4.454177440376073
21 5.4661156758472735 4.38862564556363 5.637207492659046 4.498618844548503
22 5.5280516861519216 4.1999376810612485 5.504594956858724 4.584084581045617
23 5.507430421711313 4.406456474470405 5.568795703130065 4.52701760061796
24 5.407482523890279 4.355497955268286 5.422855391293335 4.277165110838458
25 5.4346717400098 4.378140560341279 5.398664730359883 4.500060331213692
26 5.48769084912394 4.323136150883903 5.457920316843406 4.478204240716125
27 5.39605559319714 4.353578160626595 5.471969851898216 4.508045552058158
28 5.31752884567109 4.25263868948042 5.365432757044475 4.414725957998168
29 5.50183694435403 4.303139597665578 5.397755255303813 4.303864419012671
30 5.420238153261823 4.3128214702244225 5.469665469876298 4.271140575852004
31 5.283582161999861 4.471504821427115 5.394590712539431 4.566774414814789
32 5.436047816673446 4.41595154450038 5.5062069188841445 4.391260801854292
33 5.579891058689333 4.214492044091545 5.4024149800236945 4.331905065229478
34 5.378337660115377 4.319223597357664 5.490517098168751 4.375586017107067
35 5.372430964260801 4.427797563457097 5.369753146909594 4.420241176524646
36 5.639425135197259 4.435474405719208 5.409631004530654 4.473412154876978
37 5.503131068902122 4.394421504374455 5.3730094394393415 4.412038681571133
38 5.492352312347362 4.517861962514489 5.408668670083398 4.373877283779817
39 5.5049754880580775 4.50338230189475 5.579541141302899 4.321413941531789
40 5.450430025503331 4.27802328658987 5.351962204175423 4.408550539466271
41 5.268083439371221 4.322595710525012 5.40017607323782 4.530731925677017
42 5.536440335280069 4.3290707652420055 5.526275781911298 4.334646692054742
43 5.351914394138036 4.389337204310974 5.534398580445715 4.32599989359563
44 5.458977771536673 4.330034660981985 5.466199379069354 4.3550814227400885
45 5.3579052813268575 4.466959778753757 5.55464001429014 4.516129227394241
46 5.457120934386631 4.391626601074323 5.344435489095237 4.468376613375653
47 5.434873821827297 4.275848423158765 5.53205505510439 4.466566021516507
48 5.2803753473043695 4.322893552949658 5.5472149943673665 4.461024753394343
49 5.43773928433848 4.482754888644785 5.598395106394046 4.380357333598364
50 5.400544442093226 4.452512737037088 5.299402339685181 4.360580809274948
51 5.574450143855565 4.340063853173801 5.505985265837495 4.494045223221394
52 5.126333321679398 4.302029865463214 5.438938395756536 4.51295007338992
53 5.442946353685262 4.408428598931403 5.438448427053686 4.255084079555417
54 5.293997914808394 4.307443934589554 5.424313920933749 4.518808994859776
55 5.244462115190791 4.2243096649945295 5.4904382064356065 4.5337460752994
56 5.3813725460461725 4.319645722927573 5.416155895300979 4.249981541621661
57 5.41890889000767 4.402752034391806 5.604674142462646 4.48632377482077
58 5.25529386860841 4.33635482905119 5.527987827819805 4.545803316779577
59 5.5130313453840545 4.240875276582888 5.573882884953058 4.641536451085766
60 5.517483525804699 4.400560126134756 5.423145265863014 4.519297946420062
61 5.346679618584427 4.267787115657108 5.360752217420697 4.402863478097449
62 5.35230698416967 4.409861383777585 5.50460054765098 4.219042895844885
63 5.347803456820387 4.344838846282512 5.2838797348157005 4.503992062502324
64 5.419756124192979 4.314220375150742 5.450501474657575 4.263402169984661
65 5.3599542295412945 4.399855867650695 5.47530871065353 4.209453056589774
66 5.468427027987375 4.395027055874772 5.376841673425391 4.422188731974373
67 5.38171143765576 4.282651706522795 5.371320603089398 4.3541475288779825
68 5.3886067203853285 4.318539387051492 5.2704032782349515 4.402040759972539
69 5.458554173566452 4.356589789415281 5.475215557339023 4.402277240411434
70 5.481658005790654 4.376625457563267 5.325580137345305 4.4176820082506225
71 5.243366549439935 4.276192576339816 5.5099205475372015 4.2114357616205504
72 5.1385147605595956 4.210759114984007 5.36662042069183 4.429274640856703
73 5.225249529231943 4.147477115427433 5.460687298588499 4.42774467797609
74 5.242290374673608 4.16533818575191 5.414010774928058 4.383858276000444
75 5.198319649508326 4.24701273594222 5.29977826601596 4.381948818820044
76 5.136951825171324 4.0035945061181675 5.388016027947695 4.263919325031073
77 5.329655408546844 4.165328940467365 5.528649230644096 4.263631243731987
78 5.1543347699482815 4.354674136944758 5.574427637211024 4.327682704248837
79 5.080952794323659 4.165065538601117 5.566094541555126 4.592149131863573
80 5.1740691939906185 4.254175941907904 5.367723308915126 4.414911894325091
81 5.209028659082948 4.260884332521132 5.453332685444317 4.559772757794637
82 5.0736536149897375 4.201246538289414 5.4892089558787545 4.438764920572557
83 5.027687772972388 4.2278274270357965 5.327705858248084 4.428632021737109
84 4.9856726617864435 4.292736763159953 5.380672326158178 4.320198976799607
85 5.1736061835217235 4.181538909284674 5.4262981146241875 4.472700016920858
86 4.981135856197989 4.379383173151821 5.513770708576382 4.486521761618764
87 5.047983909527828 4.30468672593199 5.394070968705594 4.444975083624436
88 4.964137142573295 4.272514877864941 5.51776560112619 4.305766918371672
89 5.077142322099046 4.336504089740765 5.451985606946303 4.378494028063174
90 5.018331318839779 4.250099982370719 5.514979522064595 4.332219070552423
91 5.229584209254351 4.297244048780456 5.498082871235075 4.282155117340422
92 5.0111285772203695 4.292944704661995 5.479244898519282 4.441591104541272
93 4.946277552964437 4.293563714108251 5.541843175775074 4.428841099109146
94 4.966379037614404 4.201774471880305 5.477094273635348 4.528895154129964
95 4.79565334057407 4.2095511845484035 5.4093627765502585 4.421340858066852
96 4.909991374805577 4.2598888813150735 5.501853838843764 4.429676571952676
97 5.009508386500474 4.227048165851675 5.596254603176562 4.320476777052061
98 4.914521917463592 4.1375420790809905 5.503916124073757 4.444978244438276
99 4.974714850426643 4.263254079205112 5.493056576986878 4.564344470209761
100 5.047183884616797 4.163175679266774 5.435975167762407 4.52490403737874
101 4.999587846431038 4.19163905043265 5.478284848653464 4.35296448997184
102 4.844873315676149 4.08105465833431 5.479195652679575 4.337625525114743
103 5.058235795105002 4.112232517852586 5.471053563659452 4.244878303895523
104 5.067165155938132 4.256282761305143 5.4228462178496475 4.360826225416976
105 5.287800161873935 4.204188313078643 5.323530807213218 4.320329803421513
106 4.8595396228557926 4.28490022800301 5.432317821201102 4.226481563484734
107 4.8898761476194 4.189031986175524 5.499518626574198 4.773624796512597
108 5.167829246498614 4.2020430782499165 5.463281668345804 4.3354719524910115
109 5.24262206030845 4.249629518529195 5.357512655513387 4.470509896979502
110 5.052903159861238 4.2045038361579605 5.255768259287722 4.421754953789972
111 5.10673916636703 4.179345308699876 5.389643124712274 4.544914439197999
112 5.255966714306578 4.242227935077514 5.536356205083846 4.308045190388762
113 5.122288767532337 4.303827129700386 5.389753483277001 4.637748580682551
114 5.2703498305309076 4.2148820848910855 5.423475696028919 4.4766866268979095
115 5.109041195148328 4.319651342488262 5.492428985654787 4.539588642989191
116 5.057551998394328 4.133137042320312 5.409652233510424 4.427636920137793
117 5.109228488539762 4.225380200757201 5.377919419845612 4.530812172945376
118 5.102236690015095 4.167532309627303 5.306295645908876 4.476549225292981
119 5.239126478881039 4.299871590589088 5.534339505678574 4.562249359000414
120 5.217358231136812 4.1403270294642525 5.516283549545139 4.427020064262758
121 5.073569254302851 4.215602863580479 5.4098714759199105 4.542771018994019
122 4.937246647453284 4.189218602870255 5.440994780290368 4.416336012940333
123 5.112242354971516 4.055888388073748 5.405558939279349 4.53738856828201
124 5.165258452595327 4.38539405755846 5.382523767909271 4.198984122250071
125 5.454370583274147 4.247532197134481 5.315079679135922 4.29711046623975
126 5.197818031502713 4.282167568035514 5.552704754075932 4.300360024015743
127 5.088646622140818 4.161448718461372 5.592826114090094 4.534601933495175
128 5.04607007512216 4.22466765607245 5.430420089196117 4.580598303390426
129 5.163385805045439 4.24631677898991 5.4217167869217375 4.361053298883045
130 5.112358918362567 4.1248379007058595 5.283528631305032 4.623744910044844
131 5.377229564704245 4.30013982364438 5.339260845155196 4.443944199696582
132 5.295358364406622 4.346127848101337 5.2441788387134745 4.540220127971045
133 5.563835265270646 4.237887611612145 5.464385165813736 4.284358512235848
134 5.133833632442781 4.339652722872292 5.367762558029122 4.475164506839402
135 5.136738714053806 4.304809943989116 5.329423549366203 4.533426516515226
136 5.192655727611787 4.250880467940811 5.254897579387642 4.608435705630239
137 5.401096442768638 4.3319200105598465 5.298381847814807 4.321437195217066
138 5.333263381769546 4.322998090819442 5.3107019514915175 4.251831879763838
139 5.216346292717801 4.279500798655638 5.426836941237726 4.399733555429699
140 5.0164737340741645 4.254081570207177 5.355270037939785 4.546458037276822
141 5.081822131467509 4.326745140712739 5.317487430055886 4.482302154468444
142 5.18221546919653 4.255292496524714 5.309902148471041 4.482121694009458
143 5.19127536634487 4.386161278437204 5.459282099796941 4.3379660261013155
144 5.253896889898826 4.422217070500408 5.402540198517008 4.282370962036733
145 5.148654854720627 4.458519055585729 5.303653504423454 4.557636002079363
146 5.153757336239161 4.440547553950777 5.255230735713768 4.236970888083425
147 5.212006602536506 4.185347898950009 5.407912194117858 4.37255043612969
148 5.076359696713217 4.245544443967437 5.509067190960852 4.458858228024943
149 5.23455408859008 4.299866956797035 5.408597441497382 4.535121982154586
150 5.133490398442143 4.205677974658189 5.329067362009136 4.62981958410666
151 5.136218853709707 4.319684887015264 5.202969766296604 4.376173145172141
152 5.151845276275927 4.403639172252397 5.217246985584179 4.271877908133999
153 5.222356322321442 4.439488366866709 5.481759932569143 4.5734834993252
154 5.1517630328905994 4.351371507888325 5.475569807874619 4.378429136658277
155 5.098297579265674 4.419265720757204 5.294277808543536 4.386418581904348
156 5.147245584707645 4.331643035903777 5.45502452046486 4.651715502650365
157 5.132309699844389 4.277313029451096 5.424626060087325 4.532022974328052
158 4.91935583054331 4.180693698208126 5.4402603263189135 4.59273289705555
159 5.33176661972201 4.218982389693958 5.353885237058899 4.563525760010232
160 5.158398702444961 4.128768067742532 5.490788462283729 4.708526638315579
161 5.01369531532021 4.382642936833654 5.446478421147307 4.747835031390311
162 4.9960687028058794 4.334523999992491 5.213135372072673 4.699591651351398
163 5.152774598746823 4.302339073823179 5.485803066228962 4.659337371957184
164 5.135477914534238 4.306109612313566 5.526065149963478 4.3866283267544395
165 5.357483105365883 4.225542148800635 5.471648383243778 4.307389571723967
166 5.041735037587527 4.325452416795986 5.440832511026513 4.530636130115459
167 5.136513377365507 4.146871204197514 5.259516270288118 4.589449457915615
168 5.28593475357747 4.102301931691053 5.2809710832102725 4.6021974981605025
169 5.184815508842944 4.1354048733834885 5.423563044676406 4.559227695487176
170 5.0378886051787015 4.472002572809558 5.365651483976175 4.56160258796601
171 5.41252332573927 4.421391189278737 5.149260309155607 4.335974566350893
172 5.327529338271018 4.44447535619364 5.401670021390838 4.41260193978936
173 5.284633674238425 4.064812790565221 5.330880698763423 4.6641079050765475
174 5.251564234346291 4.5029740629159765 5.456802935562839 4.635286669882824
175 5.069340066931642 4.250932892816058 5.350336966448786 4.529356838032839
176 5.170828071299677 4.21748527567847 5.537079375863503 4.588425271192495
177 5.077321041816979 4.2649345537947445 5.567628432793398 4.265111861298924
178 5.39849495994338 4.25426758711417 5.501279087584295 4.374397933726375
179 5.226174031649071 4.122453892520471 5.458806246899783 4.568925911387301
180 5.087306904589923 4.225012473513062 5.619198383347801 4.374966016211407
181 5.094783271448719 4.244829519120811 5.445626875759717 4.506215002174734
182 5.064984668279716 4.424436577808708 5.309706029020381 4.379102103793102
183 5.331753433737931 4.209429255904194 5.436706337579793 4.585979472339088
184 5.12262517050796 4.259477478279095 5.495699589429504 4.629602168869999
185 5.141373670226385 4.192223888367693 5.430178314868033 4.451186650602203
186 5.191952181157263 4.1685174669669225 5.582274036743059 4.40273815623833
187 5.186833447790241 4.251391836558382 5.263938572047708 4.277324764191355
188 4.998640976536793 4.4592932552081415 5.577593492722138 4.525602509162327
189 5.280907724568804 4.347638105480025 5.430922385120575 4.512132406675413
190 5.266411819526538 4.24014206601533 5.332448701560248 4.454226040112621
191 5.406925499539108 4.382520360325289 5.461540625804312 4.724940766037324
192 5.263293492438758 4.295893660789828 5.480024448569528 4.6554763022028105
193 5.199261481175558 4.302091042079383 5.434893425487946 4.645289936205598
194 5.175085063723749 4.36219768733991 5.322963718608091 4.4576614085349355
195 5.358885125737291 4.177059112822293 5.400469456547054 4.585684738794761
196 5.129254898587703 4.257863374632016 5.539768775918645 4.429021045686652
197 5.305260739290123 4.272274901762809 5.409766507915581 4.477739098417522
198 5.180611057881275 4.315775437295455 5.4079861367405755 4.705170325284592
199 5.397341560620382 4.4217510861855445 5.436313620561547 4.470030914754513
200 5.421360277313258 4.304114232289213 5.442743309991593 4.652163772509211
201 5.094959411840774 4.3607779232796124 5.288946275313875 4.51606674627666
202 5.128759832227975 4.377638941872516 5.5089024879419615 4.547378328603869
203 5.230071780505233 4.405033119231793 5.338179549121114 4.426008867261459
204 5.239858186287672 4.37909823555958 5.256479485876334 4.5869959929461706
205 5.326826943710362 4.167705469630033 5.3999359595728 4.723462277578394
206 5.269087161755833 4.308883826651422 5.291437993327002 4.4436751273240835
207 4.89971161225988 4.201808416212052 5.407870515024163 4.4384537811139015
208 5.181013762469548 4.117382744067216 5.32396233131806 4.545672143436932
209 4.8945083705765 4.360770806965258 5.44517191265889 4.646797179868053
210 5.321086463510651 4.325516765947092 5.447849284918537 4.360980723674045
211 4.94910433814247 4.363417456773288 5.5258651083870935 4.601549738836313
212 5.358423401223272 4.072857033782219 5.4234973071781685 4.937691124527547
213 5.341465505414563 4.293093097124849 5.426113751000036 4.526106519851861
214 5.319293875033164 4.289681384769018 5.396111571421836 4.685352206567331
215 5.216825439548003 4.221425325500657 5.456585872704612 4.62295565132457
216 5.304482485142275 4.331196421085668 5.483331016946313 4.683321408715981
217 5.290717746033484 4.186514654794411 5.487677686915002 4.722464120100193
218 4.9682865839077 4.269346990231829 5.541666914638766 4.346624564305842
219 5.1737218602405495 4.233179055660957 5.4880722475034815 4.393635159181346
220 5.3530792077939635 4.184778938766251 5.628688416488803 4.713490927356375
221 5.064038180166141 4.0787446960639215 5.634824105385407 4.582797024007354
222 5.155076937278437 4.280268219629495 5.643798515149594 4.453976989797492
223 4.955736511887349 4.350512055750323 5.487398674788085 4.703846128958346
224 5.209458030349527 4.1169763237069565 5.50678618529127 4.568156151682539
225 5.310740494378971 4.118007349034387 5.617036618952118 4.773381379406506
226 5.116697096946231 4.219177508523419 5.642146561835263 4.504850500829754
227 5.3492179244136056 4.29927130145023 5.5349255089219005 4.6247167516464645
228 5.071914893816504 4.225374668023734 5.44031593553653 4.677414077003582
229 5.177155720139888 4.240457943627423 5.4708315217236025 4.602276000232135
230 4.762768150720378 4.49215624855665 5.475557045274164 4.533799035783947
231 5.310497339084077 4.307502148314333 5.651503222853399 4.752458834318532
232 5.178630957240498 4.352315791899769 5.518790040649811 4.669116012975449
233 5.480015949627917 4.268753793597929 5.577884723435698 4.522146981703003
234 5.107846608953508 4.279974154958906 5.441442548102309 4.401424811442796
235 5.364945208128277 4.340935528591591 5.417045259477658 4.529026574192453
236 5.128123886555481 4.08199315097209 5.36006042967436 4.991170734952021
237 5.1666921960823595 4.125983648518422 5.527829256212643 4.421315034000941
238 5.134282724448495 4.368438417310774 5.4812971907851 4.7141367552300775
239 5.00321787778931 4.041065608419897 5.309060510862329 4.450013649792696
240 5.306176182668252 4.226993200844343 5.6078036223155525 4.60400252291286
241 5.142621645270532 4.209244562863046 5.328515214478478 4.572563824255345
242 5.148226054543056 4.2470723656838825 5.503945179683347 5.038870805038168
243 4.853584050462579 4.0688717007311315 5.48149498556618 4.834789320345473
244 5.246537886320614 4.250374513260826 5.396467962745996 4.575571416020106
245 5.429683114896034 4.207559598480462 5.461047292495926 4.4623371661542475
246 5.326616861588344 4.082995303747551 5.298799049189946 4.67152649340621
247 5.254049518310703 4.31376274442551 5.284363123859925 4.5493260680162635
248 5.22766746645029 4.237143271159755 5.377962252360947 4.6189020272469286
249 4.9112920660277295 4.245941575580489 5.350979248596605 4.528055999760157
250 5.114389012811453 4.149438533214686 5.506006619787996 4.47969314993628
251 5.24569725058731 4.204418200208758 5.529912612480748 4.432884635634147
252 5.072911136924775 4.415856851459851 5.395465762140517 4.62049998798863
253 5.0144572538633065 4.215646507733887 5.342390974432482 4.544644227768813
254 5.14003307342791 4.354238606109313 5.482916128221645 4.603369711292893
255 5.043289008542822 4.192137533584194 5.236576819323442 4.4906825846027445
256 4.975215172336197 4.04291071466213 5.378001843255115 4.449534258901731
257 5.1333522216420535 4.098068123118669 5.519252856958181 4.5231968749764135
258 5.012517263875569 4.235679346159014 5.562777439101593 4.390749926932838
259 5.0083244880439395 4.276774622416386 5.545295001850455 4.406599207846814
260 5.298242456070927 4.335099329798507 5.439393264540204 4.4983565074598255
261 5.056500814613641 4.155410830346369 5.454926709726799 4.9438109744433305
262 5.258645551183592 4.256340151126146 5.489157088976032 4.537007663264005
263 5.0184124487194515 4.2583087014101 5.415924214445734 4.576226732478974
264 5.125532191884869 4.387627228290524 5.434810143120171 4.6580006395821165
265 5.228910408166092 4.2833923471008335 5.677679699828121 4.6539877040656075
266 4.925968532343164 4.245378890936828 5.4895413176064105 4.476484098811453
267 5.110338320961044 4.312335978490568 5.365039500045818 4.6303786613114495
268 5.137603940984113 4.34324249438889 5.433558527844717 4.4321229076671695
269 5.209846375935086 4.1888170674549885 5.534741816014492 4.664801697007663
270 4.897842597246185 4.161056804368952 5.451179216685598 4.799857638076835
271 5.187894607469564 4.23571893498841 5.307604511411373 4.49367995361257
272 5.344542270773088 4.257604835693066 5.440276285240784 4.490963944164628
273 5.164744480263094 4.26972877038827 5.471423248496504 4.713168507340456
274 5.030144558419682 4.261035355701759 5.652663152248908 4.585986871077838
275 4.794628103257715 4.173307618376062 5.365795586981472 4.759382338440005
276 5.0354682885105575 4.253823200421793 5.458155866795439 4.637499507757343
277 5.001812869341043 4.260404692857338 5.520660610119827 4.4810197825939575
278 4.8993165940110845 4.234896464152283 5.609584901508499 5.04162286680065
279 4.952511242704611 4.210819246050921 5.39278302397263 4.609803481793082
280 4.948514410227841 4.3340152915661925 5.452679702733548 4.328030059457763
281 4.769216038905292 4.1586421724352425 5.500254833883362 4.351177973683871
282 5.033419479721448 4.0421684452622575 5.419860522269247 4.317670135500152
283 5.069050958751096 4.202131075976535 5.225896847538594 4.517724889445889
284 4.937886767885555 4.279438744762371 5.333759603145433 4.71578238161474
285 4.857253960025049 4.128861909320774 5.515458046839986 4.57484754924778
286 4.995610182553293 4.216589159549131 5.233690758277799 4.4716694224095805
287 4.997259741977364 4.242937707552575 5.309528488354746 4.464586147515891
288 5.085889367110465 4.110743489179275 5.301685374768887 4.299810160072063
289 4.861444442455499 4.208322912569811 5.354781222635688 4.293447446080256
290 5.005011239751136 4.0815530880117805 5.41927144543291 4.46723913118909
291 5.142617236363324 4.37414484968755 5.457567597057484 4.546489956290249
292 5.0150715553487535 4.161451168446215 5.2959502219592105 4.50229207743472
293 4.74740734882878 4.194633342513937 5.288244741813706 4.424222092474678
294 4.909000027371809 4.097622612853853 5.33998317088807 4.630381956370083
295 4.850193824783627 4.326289041625229 5.4005158064221295 4.446220218520904
296 5.060350701828102 4.178019927017102 5.499079581098468 4.566641858949362
297 4.995767041407091 4.247991102774545 5.3918427441053645 4.512662150151451
298 4.954270402408884 4.244872074405881 5.510439597764712 4.394918418723009
299 4.649127162847934 4.0710066933065825 5.432021001387824 4.584172895515436
300 4.95714060129544 4.148863943325713 5.335857005991501 4.324727057124077
301 4.841030065764876 4.1356101355140025 5.404175373421846 4.568288697490384
302 4.946394603204141 4.1964842045736335 5.368712775936976 4.540049713107066
303 5.01165752095852 4.067810439681955 5.361079283939334 4.582301274646211
304 4.946396009864888 4.133410529371546 5.4833922899253515 4.281709517358273
305 4.513286725500067 4.072620042998328 5.256865924244313 4.455350665438573
306 4.968105843344482 4.156271528841672 5.60449388598489 4.573575189659407
307 4.843723045616969 4.321240225948702 5.462848951520747 4.404253879029763
308 4.801222152412336 4.230629543427011 5.400371844947037 4.552899359053284
309 4.9636823923837365 4.146192222772097 5.45765365856875 4.360489600946366
310 4.742055545922581 4.0694976629387 5.374223371006712 4.43265121647293
311 4.881952198877438 4.244766143682541 5.365841023759747 4.382126382863684
312 4.972116107424915 4.3877245150313975 5.488213192047595 4.434966528018838
313 4.850009852499252 4.1832639477908655 5.2819122056375 4.65498735219178
314 4.961693247314248 4.35105578638097 5.370852264390496 4.6198537574278395
315 5.157756202573709 4.2562023292473645 5.441458911453522 4.4788045949509705
316 5.29568008496649 4.309442663521947 5.507007168729652 4.500653413579588
317 4.977351029168352 4.168548143919485 5.528363153824135 4.612915371921233
318 5.044710426804473 4.296413788318749 5.245711789040845 4.369976285345057
319 4.992739794024033 4.2880446916234165 5.5336411057588775 4.570129768804165
320 4.945831664611469 4.214624280939415 5.500595791161133 4.496231806554122
321 4.597899769268164 4.196274612873554 5.348988306738987 4.401542756032607
322 4.716909750695375 4.175722445747951 5.3978418650981075 4.6863183316308445
323 4.918383973635289 4.237844058703562 5.363566571624998 4.596437775282578
324 4.695706814437163 4.247968335143191 5.49110891182976 4.397518675913766
325 4.999571997970793 4.277679430945232 5.531675001776238 4.569906247096116
326 5.121574976162184 4.193327853185846 5.397300925749297 4.6614205218797
327 5.052380603889514 4.262449140247573 5.41349162899236 4.553855791854824
328 5.0149413278891695 4.216312365428427 5.379355603397506 4.231832930063657
329 4.501805022352835 4.15084368168253 5.342330927704374 4.472761950776834
330 4.816023903702719 4.1470310635765495 5.308589237087989 4.444503838397737
331 4.782978770431439 4.277268420171548 5.466760604499887 4.432104781811048
332 4.749258516796228 3.9842383961290286 5.468368567154614 4.147616105694978
333 5.110322446805875 4.324537535288062 5.387430587557878 4.526778978909953
334 5.0896552905943135 4.330418327309506 5.445578587918551 4.295817135389571
335 5.049830157182113 4.218328484097268 5.494588359003922 4.530402322230138
336 4.841868974483271 4.197095212392652 5.497449053152683 4.466896260317289
337 4.780682188381604 4.265602221139396 5.449899279981876 4.292705398615156
338 4.820827963903183 4.226760299789061 5.41095999068804 4.378484233426787
339 5.029440813221728 4.266142233309179 5.348137159439429 4.334060515407262
340 4.870189796929961 4.244930740119279 5.291871998746751 4.519979066447736
341 5.083136950018735 4.2554362482351085 5.3999431798200215 4.380086520779524
342 4.916934368239371 4.244440222504487 5.603873964810854 4.549999769823464
343 5.032538602755472 4.227231145159421 5.244224814110736 4.475222675130367
344 5.0427982516937 4.163701558262045 5.4015500130120735 4.4196658344779465
345 4.987765205354153 4.278709413663915 5.376831342547937 4.3616897200767335
346 4.98829757784164 4.078562515797937 5.4954546555541075 4.388782469942895
347 4.803892847087354 4.151892378850886 5.444827762267712 4.484463653125192
348 5.046766478075984 4.309645309287829 5.456137062970565 4.327812078829618
349 5.178183225892889 4.312015946311425 5.3245055325517985 4.629606073073014
350 5.031648811414983 4.23921505514327 5.301567214557922 4.439301783344089
351 5.156451491225547 4.354119656657164 5.593466145991113 4.405990503191972
352 5.1051276892569994 4.300376182554222 5.417602248172284 4.35688050673123
353 4.6348795501154 4.185689607786378 5.185672070142763 4.521729559769128
354 4.8075544730105415 4.177839825396454 5.507452158782863 4.453004631000757
355 4.818576204870719 4.405822014563548 5.5091139271941225 4.234686765827787
356 5.042179898004817 4.202521287226641 5.231235452651332 4.454441851579238
357 4.985973500445932 4.14691109812358 5.389718969655409 4.686442565290991
358 4.927808118026574 4.14200759597424 5.459023974574877 4.4731451441807915
359 4.851553169111069 4.3870168450786275 5.396301129291438 4.279891295267471
360 4.844501902516538 4.3197802574153865 5.3998566410355044 4.434243248397999
361 4.816561276828129 4.274373986934296 5.410557813396602 4.267905782629719
362 5.201606127285668 4.12479717286191 5.450986137221003 4.349039609011231
363 5.190934489590221 4.247025348164789 5.587912567138724 4.411814027979586
364 4.96218108452272 4.163974037197469 5.644062432087527 4.525048850892906
365 5.004765496356509 4.244696763483181 5.45187941564426 4.474520019861819
366 5.112735063031278 4.100194920905929 5.481178806122326 4.523832706162349
367 4.991767466418075 4.198152633065284 5.385300379176742 4.379156446955918
368 5.044345471413634 4.129321663269712 5.486595062932166 4.404421026643262
369 4.843352141419778 4.0819700548293065 5.557394498781709 4.3881097104575755
370 5.144721529621248 4.138256523320181 5.424720132979947 4.446159563669312
371 4.968309387084973 4.217411629644653 5.558111692001823 4.339018884986177
372 4.948291484057139 4.34326643217151 5.68446172521983 4.42932373186917
373 5.105561180684368 4.331433827146165 5.407480396420577 4.417457847532237
374 5.004681903849733 4.409053203183799 5.744127372014192 4.417081121023083
375 5.11752137877751 4.12457613923116 5.502157285858751 4.732528180825596
376 4.985609760943344 4.402840430145137 5.729660323590583 4.3559681092395515
377 4.866106565613767 4.190480016357119 5.490011647212059 4.36877346993963
378 4.918245632641739 4.275566117669511 5.443186163628501 4.7458127031353365
379 5.14770216701408 4.232006008627063 5.457225820857473 4.491650219838463
380 5.114484186751275 4.138493609689925 5.618650237308684 4.426318773452355
381 5.039776528830174 4.202038070414469 5.691793174597484 4.6410052487668425
382 5.187855770914949 4.3293214665847986 5.664512757720021 4.447281557467483
383 4.95180910942883 4.179848816070639 5.5799061645692944 4.5901336672512665
384 5.043573966177137 4.448395304278528 5.65949048278548 4.5099642356170015
385 4.802330746925286 4.425709840828474 5.718386188148412 4.736676916354459
386 5.246841356206318 4.226064687486366 5.953310746835324 4.45405286866883
387 4.861873174435517 4.238272966090277 5.676018408729837 4.425103078652798
388 5.306666428924073 4.297432114184368 5.375600725429786 4.3912239878440555
389 5.158187995457789 4.258937261922717 5.325002948126014 4.266522853215183
390 5.27307442953669 4.483159616644214 5.528588079268816 4.110757542500963
391 5.035513066489796 4.257983926678595 5.446335923252865 4.695164781690614
392 5.072020409974079 4.0901376139272285 5.587609855600853 4.271940086848749
393 4.930750472157604 4.244306514957662 5.599950352145869 4.38561259336489
394 5.054897107898556 4.210661917521248 5.494316421410148 4.4779793306796005
395 5.312994680000106 4.296912647803641 5.477637348926743 4.499608019124729
396 4.903524069115308 4.304043887403668 5.636097063908576 4.429170837440889
397 5.130392992350358 4.353030587341454 5.669609896622519 4.455019532786998
398 4.85110369036245 4.007690744377219 5.616097380985138 4.393664423312223
399 5.0444354999578005 4.130641065339747 5.4737517613041184 4.422435902179598
400 5.213198385787377 4.2456753952538655 5.436872560659979 4.403442796974475
401 5.205453880149143 4.30672582335494 5.603485493659162 4.63363934765054
402 5.146202542837201 4.223576963445583 5.58234003909699 4.542507280115579
403 5.037843499606349 4.2209854727941725 5.5013386047529975 4.45250400020839
404 5.236436299835901 4.224733795337279 5.585274965345959 4.293666515458638
405 4.818078921043442 4.09683086426249 5.584519569003509 4.390166466740993
406 5.089474551224333 4.420401486093054 5.562709516576276 4.37191524505206
407 5.024404772284698 4.188687812002093 5.765625870032881 4.152946039795107
408 5.289846094911346 4.334511550201498 5.8918103689370955 4.39905090155408
409 5.057809499708694 4.296536689635696 5.76135214936262 4.374830854939605
410 5.164542233088193 4.504022331785548 5.855316483818089 4.4557251128780795
411 5.3266551959451 4.210430017347375 5.538983562228748 4.301117885791684
412 5.190011075556884 4.224721262938015 5.47274668087161 4.475369456166268
413 4.885807653663726 4.20789493706568 5.418921578483046 4.693207674994623
414 5.085842616964396 4.0270447133713665 5.5200356428938795 4.525678897083241
415 5.184638970079161 4.147494734134327 5.465343596999298 4.31011312969073
416 5.565987303909475 4.143028012296583 5.288735206883343 4.28757289231378
417 5.422142364860977 4.371410316538024 5.586220015099478 4.2550734877382945
418 5.443501039466266 4.179106151811296 5.428404802640631 4.417453090062348
419 5.419886221425038 4.107646865483659 5.496898162436235 4.398649055736859
420 5.557716575294153 4.1359173005463825 5.368408847078988 4.313880793405825
421 5.0410136288182 4.256878827320037 5.392529988321724 4.519446164606254
422 4.980385612949131 4.179867106121981 5.6377725163491474 4.54071426578489
423 5.387509393800113 4.2737681478753915 5.534198712464591 4.530605680569409
424 5.125486925927827 4.131194465489782 5.528638942598244 4.518576411060875
425 4.989431342748744 4.171515864452286 5.514442720625101 4.505648074734209
426 5.191698316757366 4.250369657772437 5.47500116571167 4.436752895660893
427 5.273494030604788 4.285449111289144 5.332257309405146 4.340425791061663
428 5.135097297516685 4.148780252574995 5.473951743332411 4.212990256070313
429 5.233981765491897 4.244027279367305 5.52899567370199 4.276922891916959
430 5.288474664940499 4.265595163193701 5.437057257334397 4.33292859129542
431 5.230536499037972 4.181778630210309 5.619359900278729 4.588881990293382
432 5.066780110375882 4.220348620027105 5.367185870813476 4.378681402803352
433 5.195763963473307 4.131699685375787 5.466090390559696 4.5032363696515825
434 5.143312006236841 4.259466689715976 5.644933898095626 4.5546135132773555
435 5.2633721497974655 4.188423714544522 5.632015058654585 4.427802332221381
436 5.191502119531066 4.105894914845026 5.674316376919105 4.285121335130152
437 5.3704186779048415 4.143828553277642 5.422376264022587 4.133873578854232
438 5.053053716215092 4.24608627110769 5.44898163876227 4.337075102756306
439 5.174101058641513 4.125458980020172 5.538245130746119 4.511203321972193
440 5.284797971676088 4.134064272873279 5.607878090934457 4.272515351420794
441 5.169433710929996 4.238484279921099 5.603602182248297 4.367039839254365
442 5.009960230937201 4.1039361752030326 5.505901502130344 4.321772364716348
443 5.1691959485585555 4.42836258433516 5.598370889815974 4.431736980684409
444 5.131523276737979 4.122962243738635 5.40936889110564 4.308064392367538
445 4.977302440860823 4.201066776194102 5.467889880216924 4.332129076975388
446 5.216143653925595 4.152007077934427 5.441796319667971 4.24760510333789
447 5.2564463888337505 4.182426020953782 5.5539743462082 4.554658962054253
448 5.100668968381679 4.347171331893123 5.73762260834776 4.401144029957384
449 5.414288372151923 4.229681448716209 5.63995394083669 4.516174565868548
450 5.4224704316360866 4.148544779705765 5.535116987253111 4.382354953458105
451 5.1865651698483015 4.27927083780127 5.633520123702582 4.3653788850467725
452 5.077511647112956 4.085702467831494 5.686680577774364 4.432504841274997
453 5.150518834419386 4.256223128769051 5.826993313569047 4.454629147881521
454 5.429635115704031 4.295725879785919 5.648820035933609 4.303246170406973
455 5.405925885093597 4.422508781673896 5.695328004302861 4.321896853394802
456 5.542650192836724 4.288691676171957 5.725938073713048 4.2727632002076525
457 5.098610766267336 4.253265438928769 5.856255731482882 4.498140882724108
458 5.192172474201825 4.336566520356109 5.7227468605183 4.243628141548518
459 5.419399377268819 4.22155764530256 5.63038694874924 4.203860945721797
460 5.102945025948018 4.24075946151631 5.588595126662087 4.3390563057145775
461 5.18055264268641 4.240051284332395 5.52445949285071 4.449520930170476
462 5.039870370095939 4.056392975995806 5.575053538696716 4.567377072570451
463 5.126834939460849 4.209799839423662 5.754758685560056 4.542325419066875
464 5.134123493899465 4.067685726111288 5.50449600471119 4.3457684104039105
465 5.077253665979424 4.174212022176802 5.47685591061365 4.511828698764206
466 5.117992824034215 4.1339963746001684 5.578810751986818 4.37397525137474
467 5.3962669184330645 4.255737728690604 5.652426109648254 4.5344074121677425
468 5.072522537249787 4.209482474634846 5.62725020075138 4.446972072938199
469 5.355805791644488 4.295329226717977 5.62282104710623 4.540323188372684
470 5.371216400190831 4.264644556248123 5.939746860797944 4.495310678154241
471 5.324869706264413 3.9595820176031014 5.534604040979968 4.390630461741991
472 5.28329630024124 4.26421786571887 5.54470462714887 4.579722020221162
473 5.115892390527886 4.201593162622633 5.466406346068084 4.345545029810661
474 5.3842929284455305 4.306277489031422 5.550699903943013 4.567227359077392
475 5.138978738432669 4.214727457155135 5.6976473327444275 4.539101345158148
476 5.294583224515241 4.067032467914272 5.585535003674334 4.3109133834948805
477 5.0509750680029235 4.0793556783254 5.4525345304462025 4.445719227592326
478 5.1625613038229154 4.042961512460207 5.612305568534399 4.368418194816608
479 5.421462411691116 4.313509652687282 5.624246794255992 4.448719668321195
480 5.1596459335213245 4.329687458993438 5.938843176078601 4.420493975010389
481 5.290406510523588 4.377006247229737 5.836709631720164 4.494584613203572
482 5.445061438418222 4.094492907538639 5.607948455536273 4.545313261014867
483 5.454378857689171 4.243539969342596 5.6603213752458075 4.31494671604783
484 5.1407205237200735 4.251646654615572 5.643759781142134 4.474357950378128
485 5.0914171047493975 4.26987721938041 5.646250241190271 4.765028968030609
486 5.283328146087638 4.0942927864006515 5.53287580708372 4.292637791945489
487 5.425026374180797 4.201348403362223 5.6053036840136405 4.382273823350279
488 5.611160807872666 4.217982670354438 5.63758542783054 4.288897220862192
489 5.263200611299986 4.180114282892773 5.515519747319008 4.470280147106081
490 5.436215038635497 4.0566517545976835 5.539736132513561 4.211402338416923
491 5.581383513143631 4.2444202727172495 5.6634399934776365 4.210606326509303
492 5.320167963211163 4.351679508684725 5.783498360827994 4.277392047397245
493 5.537051672686578 4.0634779226846645 5.7009650209997105 4.630566299770925
494 5.445253318554604 4.277708432071704 5.5278690374026676 4.344325974227691
495 5.227099269163612 4.279126642933326 5.585902178321737 4.640892760196803
496 5.372931365378851 4.12086502128945 5.624187490126646 4.365650789974599
497 5.329343046510879 4.226842025746736 5.480200858964234 4.633220504338725
498 5.129322623996685 4.390329928745795 5.444668076823339 4.60017493446093
499 5.233627460645874 4.196542511252778 5.583974392585358 4.272952350764389
500 5.358638472133721 4.201160945890815 5.697642059799668 4.407427832835196
501 5.278121208314584 4.22403681481449 5.475383016087622 4.477379837445957
502 5.378385505667634 4.296624800202205 5.592549307441274 4.4235157735811566
503 5.444908426174719 4.020048511581887 5.841111527383082 4.327592963389408
504 5.124241284321233 4.045743915245314 5.537609248041157 4.508347834984125
505 5.23071314572951 4.334296226639413 5.608176237202143 4.434142076256235
506 5.118672931492405 4.091137103508512 5.543928293469697 4.374531585902715
507 5.1278551240977865 4.193975822660367 5.710510371325203 4.3070405713514175
508 5.372930900310228 4.228703482858805 5.634154511065842 4.445200574123136
509 5.381268363742614 4.27060871089639 5.635799497846749 4.33781523909309
510 5.407687577062211 4.200246418904402 5.724948898791365 4.412377399043567
511 5.033520524224097 4.4149030366027935 5.5551983520415815 4.215156641296965
512 5.226648836463875 4.273121806754811 5.555821923159655 4.46173167052394
513 5.033384692971985 4.241725584025638 5.6123777970647675 4.58552079700066
514 5.39664574347162 4.081184973954755 5.503733717609025 4.325066956387039
515 5.102660704895113 4.3334071417571245 5.571561020229616 4.390103911476598
516 5.234449849266022 4.2585038970813835 5.736755320909994 4.454062881184282
517 5.1675825391298655 4.213689563654896 5.645874847139031 4.617192212785999
518 5.2153748167096445 4.177770697154083 5.729362271674247 4.499806888450502
519 5.235660253293326 4.184138618179068 5.493029831536495 4.257294183864051
520 5.039721190682928 4.31511080600009 5.728364559008467 4.46980430248521
521 4.936955313682284 4.313420046422077 5.632188371205634 4.366091265832415
522 5.149337169432615 4.330973936602907 5.745160483114065 4.6664234826318856
523 5.182565614527387 4.1523837257790825 5.676304472258064 4.305447539428273
524 5.103645121427215 4.4214232118050285 5.790183815208916 4.573284262866324
525 5.265045595904591 4.120538777512525 5.598912829724527 4.3919724763158134
526 5.085658397378429 4.336164907369391 5.564460633032052 4.4369578319361285
527 5.343475607443696 4.194968831082442 5.4894768434140255 4.2455901002339225
528 5.405760449747904 4.171898296484069 5.531172663690877 4.379560296556039
529 5.150133173795134 4.347629749021638 5.679328632538287 4.491685521034651
530 5.361898657125506 4.174060306765262 5.4785249700571255 4.346311867458465
531 5.202879175562311 4.217022646806419 5.677061884254629 4.4635147540955185
532 5.053805908617387 4.2977279012484155 5.551211124268755 4.408793842013234
533 5.189600899713286 4.189915582505163 5.823461453700478 4.314507821481247
534 5.325130760153027 4.172715487704351 5.678079952135763 4.257817307641188
535 5.291627664712235 4.257952504169231 5.537525699076213 4.3731425844758975
536 5.228671701557299 4.156063045330853 5.628733072090163 4.588112865022364
537 5.051965692027035 4.185971999407717 5.714196630224518 4.539918039506161
538 5.330081777703097 4.371473506797401 5.8403984139374066 4.359318106084994
539 5.1880988684764135 4.2151354063092406 5.546697073536577 4.644054418192294
540 5.456898345862426 4.309336475216446 6.098134219162914 4.502891739217938
541 5.070878292176636 4.287093740175326 5.446287947041369 4.462512461598208
542 5.296341298928665 4.2287496058493215 5.4890296170718855 4.30502833571928
543 5.020041735143289 4.2047443829432956 5.700521469825942 4.659883040796878
544 5.139548876525458 4.36880221239807 5.57780131759188 4.202874781174191
545 5.218730796850404 4.255527561272384 5.670936374764668 4.412640230752361
546 5.2500277424154165 4.232598135493571 5.476608567758308 4.304531786397463
547 5.237719852948202 4.1137429081835055 5.4990803193780655 4.292017365604379
548 5.2250616857296395 4.171345492443987 5.6690856915185694 4.280314399808004
549 5.28720769296728 4.1680003533457635 5.516069549492846 4.217067611286452
550 5.266612589465542 4.302067122808241 5.531208959726447 4.3845205585136515
551 5.110457978155521 4.298443344563302 5.539935552599448 4.525088553117435
552 5.355193587680067 4.203081255495326 5.548360147670283 4.42497681898823
553 5.209091282692372 4.255471911803434 5.4654873589176995 4.37821789970263
554 5.509107306813612 4.245310635596635 5.54174891419941 4.536388850102139
555 5.3335448217472265 4.359000441645899 5.720606725221444 4.416832036998052
556 5.041485853883332 4.184586906024588 5.578263655293324 4.335343609401259
557 5.323144637364576 4.228133546433475 5.526656004367206 4.3415760186283485
558 5.021451140884501 4.131653613010616 5.54104975283415 4.404465188304271
559 5.194565028612692 4.410770997781051 5.5993009792229165 4.481582745619918
560 5.0502916656037256 4.237677073240258 5.516819274530921 4.315577622172825
561 5.357357014385561 4.312375768198105 5.6918484042091855 4.492550092923488
562 5.031192680229738 4.121527662127644 5.382608667697467 4.392590064050374
563 5.168238975788222 4.1673852882665035 5.63833704562059 4.3809744081656685
564 5.487898595096476 4.214270020564827 5.507010903127535 4.387343514418438
565 5.246025836575293 4.481677795518778 5.544495763395887 4.409204902091628
566 5.156544264232006 4.223075546197143 5.653042117950178 4.4265939622724515
567 5.194906961322833 4.239704444915936 5.580391057647289 4.3801284729658265
568 5.091566108060669 4.180908916441221 5.5500056451296285 4.40728571823861
569 5.197890444229689 4.183929467830424 5.555064448067257 4.3873465620834935
570 5.298800294481118 4.089501453507284 5.687476883639907 4.20971844798802
571 5.297021917977519 4.279706235944053 5.5569209616437885 4.70470184182186
572 5.086138689091818 4.179507388722619 5.654452381828497 4.51567459160687
573 5.342127400539766 4.203302428401119 5.571815356004978 4.239305809848299
574 5.110183896488524 4.266372616688692 5.616794194886767 4.430105315436825
575 5.087197760454419 4.245980355597839 5.389479087146267 4.3726774164319195
576 5.265283794538783 4.130428262459211 5.533517779977853 4.324070005981249
577 5.3281291385287615 4.3257913563128305 5.74145574865813 4.508114780387492
578 5.265345718475655 4.228895308017937 5.499634505145046 4.621373463935092
579 5.351116012393736 4.15971801737991 5.7334845987562675 4.327449421877335
580 5.25009707685738 4.2614476601366 5.633437558821407 4.5293882705962245
581 4.99907612376421 4.22711211069263 5.76227738158662 4.285518918156817
582 5.377304224173949 4.287465247247747 5.6265672422246364 4.182095361285095
583 5.090067678669578 4.325378744850498 5.590956473502167 4.633007408504161
584 5.157003179654218 4.163636722419154 5.488551931667905 4.387385464228046
585 4.948748215732512 4.214033992659697 5.689365936346338 4.266067175690292
586 5.246966729702785 4.172094500821982 5.384997390419841 4.372610723285941
587 5.3586851354153575 4.15184531887163 5.53164078363017 4.38681169611075
588 5.113874266785161 4.331989822762525 5.870636869949823 4.365492789219634
589 5.103524032914118 4.180706967670878 5.570548649669322 4.346072965565448
590 5.222531304332834 4.002736891789813 5.439109663094653 4.519653909737869
591 5.033015538675967 4.1000505632519415 5.5729529012727195 4.387658550825505
592 5.115775399297008 4.4399163300119096 5.53380105120547 4.313868549882775
593 5.316107225843796 4.24724987596188 5.670138552484979 4.519046044095245
594 5.361686750306106 4.195696063984679 5.7582268519460635 4.200518334505624
595 5.355026292587933 4.474444955841217 5.734200709973985 4.506267109419958
596 5.191753207239075 4.223549856910844 5.484266869510065 4.2882686688687475
597 5.180287624518946 4.165658399386836 5.61017877096057 4.588564658209409
598 5.355905375238079 4.099485046187801 5.577166112935559 4.357245472667425
599 5.276813219655561 4.329805984753527 5.5793398844742965 4.61916930260675
600 5.160914718066729 4.293413627124328 5.64431904583008 4.468206213872078
601 5.13258769131025 4.297752800763042 5.532700194258147 4.471901541346884
602 5.203928969795539 4.28229743171947 5.73160869763238 4.35736195665884
603 5.124310391687579 4.2134715900754545 5.611588862093238 4.330130584084767
604 4.988073255424179 4.263758439453228 5.636286335093641 4.155905586682942
605 5.267414590275591 4.337858233874234 5.575669074167408 4.546000072827265
606 5.383776961720935 4.136717767904359 5.53573707878838 4.34102002638459
607 5.279559153841268 4.308019376232138 5.607536047278211 4.310157699413031
608 5.224223530205901 4.369546789156278 5.794181516375223 4.789516848761106
609 5.166009313270317 4.261322997324864 5.519827775027081 4.477881365158063
610 5.096657566496821 4.245046924150114 5.486386311251759 4.4979920790692
611 5.376304494125932 4.183409950998042 5.534735025378856 4.292996645150913
612 5.316644599118803 4.402744700130737 5.658731888169992 4.517878967073799
613 5.16787904813562 4.394999806013063 5.587572110700873 4.330034571793071
614 5.164165683191297 4.185424969238454 5.8912763064219975 4.570310298388961
615 5.401029485164497 4.293400393836573 5.672883657711606 4.4131268178924286
616 5.268453989721855 4.313827211327539 5.557541542736928 4.2544687923176365
617 5.4373796319889856 4.195117202269427 5.560944612179092 4.348144526044348
618 5.151097347874693 4.14463981556676 5.484159904345841 4.390372369664852
619 5.465370837710254 4.2972945989694695 5.403713401994989 4.318600044176249
620 5.255026135173013 4.204562055453086 5.768798004769753 4.226830082034369
621 5.320783093377465 4.428660983245032 5.604893071779187 4.677607585883724
622 5.100479539582408 4.4001245982225585 5.481775160058347 4.543386108503971
623 5.282867293957475 4.076289581629631 5.643526349906053 4.5513446833577325
624 5.1820492227538475 4.180954066499204 5.528158983111686 4.350996060665165
625 5.093878783113319 4.316575063194535 5.860795061017526 4.360435590642086
626 5.190317857301234 4.184887267556988 5.5651756117687095 4.493093835620447
627 5.186504882962997 4.295649359538029 5.542150362271784 4.174523493101575
628 5.2044145177517676 4.209871092507564 5.471332619165197 4.334543344169472
629 5.443959511450234 4.2395506185582175 5.499132737614349 4.390354636410965
630 5.052285212288138 4.268607462921236 5.6124782346469315 4.389711767113686
631 4.910803813829038 4.388968823389056 5.557179170290971 4.408162040764997
632 4.9861288684688105 4.147321015945776 5.594184166719578 4.484862252530012
633 5.319747890077738 4.309371309674134 5.464181295903414 4.522936860490647
634 5.077419736562987 4.182603913112407 5.789406300762056 4.502224652782842
635 5.08080316774123 4.389393155415029 5.443236994246883 4.464701791910904
636 5.180628428738043 4.2965298718348945 5.451831201294434 4.344084737312395
637 5.094383468501651 4.2489480695542365 5.550749085275711 4.523418890199388
638 5.182466429963326 4.280158271094406 5.708091751286985 4.379847193815497
639 5.21372574310871 4.1449808088296605 5.504669507695009 4.391925065313943
640 5.112407172909447 4.286435562114456 5.570940730567402 4.468244609255173
641 5.278770752296534 4.213471343982378 5.443948378078824 4.37752283770591
642 5.3781149686926755 4.143370097269954 5.674359955536727 4.535777776848843
643 5.252934292353003 4.1431150054313886 5.482757083872597 4.49826544948544
644 5.237501269441741 4.27964390885653 5.7536876608094545 4.505132278784873
645 5.113550722497577 4.1560017970144445 5.501169404033149 4.412344240672241
646 5.028710829383792 4.214776576975447 5.828590591577888 4.4094327509986115
647 5.413211827039919 4.405453329807947 5.738147308268403 4.343167282611424
648 5.371684811444047 4.493914266451265 5.637090842667721 4.333492656946058
649 5.205028685889575 4.312613155055678 5.604528075563952 4.118242502426744
650 5.168119139008435 4.3087755611238725 5.581113901101006 4.428828712228676
651 5.2198890164346095 4.3263959487787265 5.759461848682326 4.464268652460105
652 5.181519494097035 4.2194902246446135 5.381292220046916 4.552022664575711
653 5.165983747499173 4.170542836123518 5.6056093191257625 4.511904223471007
654 5.5592204240214445 4.358216209077698 5.638082985810298 4.121702641734739
655 5.270888303047115 4.253278912117967 5.499602331083135 4.547663270047829
656 5.332510374466742 4.199746898476221 5.454781772569378 4.339368161101706
657 5.39107906538488 4.264290354964386 5.773805972556267 4.427040202198376
658 5.3052984732637345 4.261374070473004 5.328748459058139 4.366098131433334
659 5.279974154285474 4.402945570980446 5.618373155097998 4.385082468648337
660 5.1019992637459355 4.262728194540642 5.634372896003824 4.470325850762225
661 5.22458059019292 4.273374716484523 5.667708581351321 4.220736419304852
662 5.4397415003192995 4.464732175738947 5.6022138576549585 4.36102867262911
663 5.356713045198238 4.045967846701103 5.660900272007926 4.349560737279827
664 5.140948074603374 4.209389421926199 5.715535210639774 4.495195529792307
665 5.437020191038236 4.115647928325677 5.507921661175433 4.566349679756079
666 5.289157713552688 4.266840280151448 5.765841700288163 4.584068880201517
667 5.441298804261861 4.259144433176818 5.599740674105675 4.368738552438886
668 5.229612123941729 4.206774310085938 5.474171011820371 4.280056038005661
669 5.179342490687843 4.289160595053319 5.739926445384242 4.685044903662506
670 5.426976557550698 4.044594013578748 5.604422400398279 4.59904606961699
671 5.14541164705341 4.223574803228261 5.549864785202726 4.419989306823662
672 5.295057982167441 4.085925033184785 5.419454563746406 4.420632375583661
673 5.345960832879177 4.166678472183562 5.600110784670514 4.427572165119021
674 5.153914283836582 4.354888234550487 5.660415145867057 4.4617062521823385
675 5.367147728939084 4.243451549190005 5.4831808852470365 4.3508112176948375
676 5.365502759084689 4.277696518740819 5.652088911759858 4.280378523216001
677 5.255053545371154 4.240894028227789 5.62953969598631 4.470124209598659
678 5.348465539557276 4.228139979811357 5.839468845215742 4.609159351286068
679 5.333396356985646 4.135873036743221 5.729931007198226 4.4699869333410325
680 5.40491163915398 4.327792184901461 5.725361014932869 4.406438123281589
681 5.374757421030623 4.4224370011341145 5.633388623112192 4.357503074754077
682 5.51547357135933 4.29213214525325 5.671778019603769 4.39521497416728
683 5.453638569428797 4.184907158513235 5.610533234728103 4.462649313072405
684 5.223331634742269 4.330101650566444 5.559641625945712 4.5779213874436495
685 5.125395484254568 4.241581859306082 5.707619635230226 4.30948685337837
686 5.2170079294736125 4.227435776156731 5.556330646827087 4.472249003362452
687 5.2004633680348835 4.148497358162246 5.761016351956865 4.274162973243472
688 5.187073720048458 4.134648556500939 5.576749141514416 4.42101650324719
689 5.213893280674585 4.246370404607774 5.590937994868014 4.3816840476569165
690 5.080418189799115 4.042858100758884 5.316481580322862 4.479539369923804
691 5.192126812824043 4.245912139605939 5.539928086415374 4.546019508444899
692 5.245817363162148 4.189426499449636 5.660720196408214 4.710670444924242
693 4.974456284219106 4.17685159998695 5.618956915298937 4.372717025378215
694 5.068154921774782 4.283132254215092 5.772477786882692 4.3525220239341555
695 5.236439216964368 4.393518986978687 5.682088975486608 4.6650358984557005
696 5.0474731978571015 4.261971462008199 5.521911556124666 4.554496825568863
697 5.480963674674199 4.181422396181036 5.624703866466402 4.524501211872188
698 5.320116631229315 4.3168552167775704 5.968047466986582 4.719798717125482
699 5.300887862320883 4.155761652018288 5.539476695979098 4.449950724393603
700 5.156621511606755 4.110525289452993 5.607162344170623 4.467999596595348
701 5.1337632766531485 4.28439656080211 5.606265886091482 4.235847149106151
702 5.211264351317048 4.3068120098603435 5.857859383645584 4.3495567742769525
703 4.998911328145876 4.366846870603093 5.916145314523009 4.329111662879603
704 5.1865024083096865 4.250478453861385 5.809487844351169 4.367890990449325
705 4.976932334847275 4.222887373918635 5.564100386283909 4.351647625367845
706 5.110565030348044 4.156868274034395 5.594560150180853 4.346574333831674
707 5.032380383204793 4.148037870529827 5.670992247375002 4.664301348535094
708 5.356359186682537 4.364050016178326 5.6880000172811735 4.6189945592569925
709 5.054563686862486 4.247541233661879 5.478584182842638 4.584957868461167
710 5.049336773616612 4.304717400456463 5.55189147760372 4.343592160276398
711 5.076734102244743 4.074073871021755 5.515654593968218 4.376876675416253
712 5.53410954387184 4.294244793927327 5.847627780072317 4.667930548353868
713 5.112671330568811 4.164990149391252 5.632974141095096 4.175540912880358
714 5.138734899091356 4.372902997638861 5.597281028838022 4.456566252061942
715 5.233558615651559 4.133523447091782 5.639701990594631 4.273359941907857
716 5.147070847789678 4.324512876078183 5.897083595864626 4.582052678917675
717 5.1438115931437185 4.192797331780841 5.600070654041228 4.547533368974225
718 5.201532316410258 4.072537621100391 5.530975181265563 4.551706599726306
719 4.872523583468381 4.240510913230158 5.695363570891883 4.261856360377958
720 5.046541606271636 4.299592760802916 5.614435095743378 4.405064224939027
721 5.225618799661075 4.056627513767957 5.516749784704335 4.491200872617042
722 5.179771825766679 4.319467269716509 5.529000473766044 4.250577679655489
723 5.008115026443591 4.30291555584679 5.813375364580753 4.598613169924988
724 5.464755830520196 4.230184001045153 5.682141063282498 4.59802054316061
725 4.902456269867383 4.101420974177506 5.667079410033198 4.541215584551642
726 5.262772886090326 4.337250973176439 5.692517912875854 4.438201624490193
727 5.2886065886098494 4.248059667786778 5.7556932029909005 4.554613680657294
728 5.1966605492650935 4.380752795086539 5.794380550479562 4.567551634770345
729 5.109906503461501 4.264440785576368 5.784441888712052 4.442795036484058
730 5.277874072081459 4.196499847781466 5.582820474264524 4.5887503565967735
731 5.018507102342941 4.150255711348977 5.540830471636198 4.31905684549712
732 4.822986924626569 4.230092576356704 5.735478608940366 4.568148165677637
733 5.372513298389576 4.353476816922789 5.6547999793379775 4.519517377516112
734 5.28285057065077 4.2267040280941774 5.677829807670581 4.528326529760723
735 5.187179274722187 4.328304013258691 5.635723843634479 4.477861700694045
736 5.2335200318197295 4.06250146174252 5.702124905676629 4.430010128964323
737 5.283609085885994 4.251045786327101 5.648129251191159 4.632960966069516
738 4.826519204837665 4.309574312328119 5.468849138819301 4.379687354988263
739 5.076461726858472 4.272027267519812 5.562034306758615 4.3103743931168585
740 5.268875140964952 4.1236903985416 5.420773949542746 4.4001446417333225
741 5.297753075218669 4.307652718607466 5.514821993784413 4.368378697875361
742 5.44535560523093 4.166733393103069 5.511577073835646 4.518967376851892
743 5.039889941928275 4.16835190554049 5.630775933338919 4.72222907024632
744 5.087801599409182 4.28904334228118 5.8818938898843935 4.447214134545913
745 5.203905027106175 4.187526253277726 5.543908986242315 4.286997607821322
746 5.200029410989278 4.198067354557487 5.5055934374553965 4.281764235858443
747 5.11218292544867 4.029794143946518 5.698741526166986 4.342252538905753
748 5.19865378421783 4.273007079538161 5.598677985925781 4.238078559974555
749 5.273692023481522 4.139898794258191 5.521290449371799 4.282499676436681
750 5.235078663786225 4.153407612140048 5.351562773683795 4.242780261505471
751 5.0679798190497145 4.174318642629801 5.9266689176997795 4.669119073996583
752 4.970682333111658 4.36318529286838 5.817242205502705 4.356925626685741
753 5.017823175857312 4.059381012248448 5.829014921889918 4.667150668923723
754 5.275172218454642 4.226131807735931 5.7406654702191835 4.366622068007881
755 5.405370946716807 4.27705261923948 5.624414724917375 4.382426077624899
756 4.99332341313273 4.285419067060083 5.57903639800956 4.534447590475845
757 5.116547391814648 4.189147527089241 5.4402292954614 4.450922809598289
758 5.182847679323722 4.246782184611093 5.569486490084811 4.3986844539137895
759 5.152757563452766 4.237690880545618 5.49160372243955 4.400820006553454
760 5.282030380253485 4.256012811508846 5.49340357830725 4.610554767753013
761 5.237553287492773 4.200436807412008 5.484119069130298 4.818524584923083
762 5.265652325582751 4.227263431283856 5.620713368264693 4.274731089869665
763 5.258043134556868 4.07419699261162 5.526921217021359 4.724031381284759
764 5.651756319244288 4.087873007896043 5.6260824463269925 4.589118263592008
765 5.417456907233831 4.349114792837992 5.707251604506997 4.517494810212223
766 5.472385009584733 4.27065648872955 5.641782005619483 4.262002433460946
767 5.4795465367155 4.337033651302128 5.673853783016657 4.397692865000183
768 5.117023383196167 4.339620379372684 5.9194490083549685 4.705193536437433
769 5.209080560248695 4.159665211468851 5.688365139892559 4.453116654390325
770 5.370445123874163 4.250969514201451 5.4513452241460385 4.3314252545780105
771 5.309855756714668 4.218230316811858 5.73608982143767 4.431612735669456
772 5.260787916145999 4.276569795242534 5.611488438780482 4.596435201454386
773 5.42387957151065 4.167020696498483 5.759844810046524 4.586591209762532
774 5.3091092033948355 4.3146565891449855 5.645361404630768 4.368332029211409
775 5.3766009318532655 4.110659341261103 5.6963589154956855 4.602262259654457
776 5.260499592273632 3.9604458107085208 5.61543162353881 4.897816518176349
777 5.212092528129763 4.017529784636598 5.47714720037239 4.474780742955537
778 5.322373092681762 4.0228618012273305 5.593516086304578 4.5819806463158335
779 5.095257476783429 4.33436567826516 5.736659598237038 4.561313983993626
780 5.063299747499924 4.365570167722982 5.666752615534554 4.425606749941999
781 4.988454318441095 4.21750891010166 5.568947041446132 4.449622313154738
782 5.377417338943165 4.155534627530597 5.635328556038734 4.644445830576828
783 5.17555575634915 4.018394826910941 5.431109256393315 4.41978542061912
784 4.992724702074782 4.187747073173612 5.5981531256881665 4.66091619265838
785 5.47468725380685 4.249567028871019 5.515461693203046 4.273274317371754
786 5.477363078628899 4.237988774042738 5.463110753807 4.475169201371898
787 5.228345083426655 4.430661409429103 5.529069409147923 4.6663317505783874
788 5.29763455651442 4.221839198954907 5.633782254244174 4.807866300092083
789 5.337001752101703 4.096432021911025 5.60116842087985 4.694944815891848
790 5.276938126667218 4.134050483707452 5.691265480851432 4.902827267440811
791 5.164847865026798 4.092725825497063 5.4698482625806 4.790804645508709
792 5.4314875053184135 4.04159080772171 5.604894587260046 4.72025159596298
793 5.070118119602118 4.210065577433529 5.463477717716347 4.50117608565838
794 5.1879371695605565 4.143919046435209 5.583718770865429 4.691348518615564
795 5.4977316079717475 4.117492718316923 5.386033674063053 4.284698857924072
796 5.17493205617372 4.0000772032462555 5.528678409484188 4.794835797047378
797 5.158427061718614 4.196846866964647 5.690083071076234 4.6407175753962004
798 5.417059779856008 3.985175135528256 5.573860268940687 4.402904796069651
799 5.316715579044879 4.107479655073042 5.521078497174407 4.542053340493062
800 5.318607588886318 4.083367998003106 5.536072927792769 4.433149683880763
801 5.49610778887868 4.235655707036578 5.59937469991798 4.2107830244357025
802 5.204823720479509 4.2010810213372904 5.602971797125835 4.490467442521225
803 5.2048705569083715 3.9743285972569593 5.728989847793629 4.653000372173204
804 4.92718104511086 4.2469544601155835 5.643009286589072 4.518414831123304
805 5.067554021585122 4.268537454595872 5.64745940113465 4.592314126630529
806 5.271559994072465 4.135416123318473 5.466889338651511 4.406895273079399
807 5.3319131063786225 4.391807904823817 5.692163725111913 4.518016649964682
808 5.464397871086857 4.104931315869399 5.488821620946704 4.848667339829274
809 5.29254702938383 4.311648418470697 5.7649087744331 4.7712177377035445
810 5.056432322249964 4.2296544228505075 5.510070372679032 4.521859342292691
811 5.199353647241939 4.279676456322953 5.828621094851216 4.571590417662519
812 5.251796530394694 4.206343150992004 5.576737184172018 4.725225023948891
813 5.035514805859939 4.248461291223272 5.770048479531977 4.322632669761585
814 4.950878194955229 4.150567850501757 5.625148276909883 4.494493380456739
815 5.230451983964686 4.124057933633453 5.435769166724733 4.555919199919108
816 5.090561921694281 4.288389752159268 5.38876082291132 4.398058852374527
817 5.164258058983501 4.047967589683312 5.5597293765961 4.334750845380104
818 5.284751260969494 4.2921792678729815 5.792843764332759 4.644321849054767
819 5.520656788279712 4.221137263144224 5.578100904753256 4.759381301405763
820 5.33941304891731 4.165981806694197 5.629613113204706 4.548010161472113
821 5.233106049340564 4.404532255359472 5.646958471682446 4.548558679079149
822 5.133394200864831 4.204784014916783 5.695290823899843 4.356885461775831
823 5.177420368319484 4.259959924503826 5.676438853377708 4.679982251435295
824 5.132788311698711 4.183646687535418 5.696083298111585 4.751324747523338
825 5.068890442056368 4.122582495854297 5.49230121606655 4.5657482165450025
826 5.120442490601052 4.290298168610546 5.495091026639988 4.030728021534478
827 4.995844374925145 4.332293110692928 5.605435574123318 4.525637630316276
828 5.334057826888485 4.05537636485599 5.5126911247252455 4.493909891120524
829 5.008290843599565 4.103110535414972 5.305671511375294 4.430936229075019
830 4.893892167606528 4.211492388656937 5.817658537695856 4.5047084783912
831 5.05758284756617 4.433187255679439 5.515902345802208 4.337458744363972
832 5.459465335184001 4.050729896600332 5.470113340234637 4.472448651487014
833 5.142086431809732 3.9617997757856855 5.308780203954386 4.616524877632647
834 5.0307247603456595 4.152909589958829 5.873903517567509 4.3846989655541355
835 5.049638473335301 4.383278748101972 5.5725164171863035 4.382143808962766
836 5.007553194841355 4.054329192363203 5.580208464762251 4.469751130689189
837 5.502630256735959 4.233876397620229 5.745153942078062 4.631135542887353
838 4.970010657787278 4.182212199773868 5.585665744241955 4.372493947352421
839 5.04591395462947 4.2494384681148665 5.5284082108653605 4.314077076315611
840 5.313779800712281 4.108046000823949 5.474204043135436 4.137105168199093
841 5.262470896894231 4.298259910195768 5.610024568007218 4.43407729211007
842 5.261847317482456 4.185903217039737 5.705905611884566 4.590753829196802
843 5.081272938554885 4.052740907631238 5.651189396023585 4.2098241119152915
844 4.9231047435824085 4.196800983080652 5.810951746007448 4.579055104565927
845 5.250529428365503 4.195940475680993 5.721019868972388 4.3174810623941715
846 5.199666933280751 4.182460003158331 5.593848349788121 4.113837961161616
847 4.975657806587148 4.058814309250664 5.553921017710501 4.349948228347538
848 5.24089604109075 4.122510553523289 5.577884782788438 4.472995807624213
849 5.460161934213143 4.053284773668927 5.53620988967353 4.5484511561484045
850 5.191345101242131 4.166564512960666 5.422904967635078 4.544341021252117
851 5.22373176958127 4.363136949343543 5.674895446706938 4.368829678273229
852 5.200294204951123 4.128861272340036 5.53371123251277 4.409085018163961
853 4.961503349714519 4.121550968846597 5.648583121685718 4.216644731411996
854 5.278874090788283 4.084511991514849 5.55898021797877 4.687820011172455
855 5.366399663537113 4.067763084641606 5.634130882881238 4.4155777583337565
856 5.227662849637899 4.377766493022729 5.78804284968195 4.350407258099192
857 5.151948915912763 4.009873539761822 5.663330087751425 4.737864561707107
858 5.068966413642072 4.068705089367201 5.565462491861106 4.4247124788288
859 5.31798506783006 3.9207325190125193 5.661467477866665 4.547441683336611
860 4.931856637435581 4.121072988096252 5.821622758939028 4.427319354972745
861 5.345294409046567 4.15802742116496 5.7565034943279825 4.325992086526832
862 5.140471625243164 4.124020885118693 5.587670666017352 4.345493199440486
863 5.2201827479198215 4.227036899201817 5.592583364783973 4.512061284246372
864 5.052407956875032 4.258037820104373 5.509139958907067 4.570765707292404
865 5.035822242035735 4.320231441330027 5.482759211545803 4.339783400621031
866 5.129922557385903 4.073187528379386 5.535692846828073 4.6353837040725665
867 5.035006347963176 4.193217300711364 5.893533594418471 4.434357886791986
868 5.051505474279145 4.2700432788047795 5.771017367969587 4.596868414705637
869 4.984682647628625 4.118676011990121 5.719757520489918 4.498013948718172
870 5.049589322426802 4.269242463191932 5.740351524109558 4.6288350634228
871 5.261256119074236 4.164706948411383 5.390414711338063 4.131401961320281
872 5.254018295969055 4.315321392355146 5.703399708958709 4.559544615035032
873 5.170624637745788 4.138314480055196 5.6229599332894 4.609660151271352
874 4.977039250488745 4.056405654184545 5.493383626511227 4.486249191856401
875 5.087089745003871 4.129440648487721 5.496516421941566 4.403560205406269
876 5.097032277370771 3.98759230291285 5.722853800665511 4.579224447763646
877 5.5211184475384165 4.082469467818141 5.878342905470721 4.5534686012996035
878 5.300207248384609 4.126105343445418 5.540308634255516 4.385218990866063
879 5.066002195095933 4.117301657175049 5.55371770001913 4.429969120292241
880 5.175708803008873 4.127008791649944 5.571205461560689 4.4754557594408055
881 4.977632968151543 4.312308921555553 5.679967292119228 4.247242018273577
882 5.214642328638799 4.259173513457103 5.7920399326608605 4.208522439089804
883 5.0187698388654445 4.193766336545145 5.567445804222729 4.300921888491058
884 5.1162373475754475 4.19832945839821 5.485264170797494 4.5544925599072394
885 5.060518742780902 4.115516049304592 5.559254530433312 4.69660700886075
886 4.938038670101532 4.326079005507171 5.739085295041206 4.43353374130985
887 4.916943302163307 4.1731029480827635 5.567509235543468 4.56118093427248
888 5.260825335248217 4.172882063623936 5.623330022438258 4.390976131112162
889 4.991245140213777 4.208407220247537 5.713389261878921 4.809563309049921
890 5.506610380088664 4.100570836171284 5.6253586966699825 4.633687280392201
891 5.075683634072869 4.17652866822654 5.771345167237675 4.493382554266383
892 5.160120950962217 3.9919687437202924 5.549454515239335 4.300652234787777
893 5.2063637009023145 4.188685716821591 5.679257344805378 4.447371110743729
894 5.00812069001879 4.190677332267495 5.467661927021191 4.861735296749874
895 5.34393422662927 4.2440720059313275 5.578032657777867 4.4805088708329075
896 4.906635316165811 3.957221057764573 5.643909218209619 4.649383006378689
897 5.186972405993049 4.163668270182672 5.597173525873781 4.479445874851053
898 4.947545349989698 4.161220795492227 5.90383345453782 4.482041196822564
899 4.941104237055011 4.225751032139974 5.626413770990804 4.572454181633441
900 5.556729679706486 4.219209500475398 5.7706726242575925 4.71995654052371
901 5.064975158091292 4.153032612448547 5.6940406100568755 4.4297419789401085
902 4.978035932884732 4.1310372303207865 5.457036394988932 4.632726132356878
903 5.096398806215307 4.1594035957358395 5.721084727962247 4.453966899399641
904 4.980350684621097 4.006588114864997 5.583266625806726 4.676227138170503
905 5.164087593994227 4.188110135397955 5.537890409606913 4.577028620349456
906 5.054417923670772 4.264774303692692 5.50221371511845 4.5088319508527634
907 5.203210606448978 4.385560408070529 5.622489924402126 4.610308545430398
908 5.30259017606082 4.167962156609832 5.581691649196544 4.6090521839459955
909 5.083842430128798 4.2792186912818595 5.442215726449846 4.313060368426277
910 5.361526501924128 4.128096480729638 5.505925408726372 4.644591620707889
911 5.099949364462367 4.115023243513676 5.45272403619245 4.658004190537811
912 5.008592710425415 4.105655707306472 5.4482773470319685 4.47526545759147
913 5.233769194695379 4.266732607401656 5.673266200104488 4.754006866358762
914 5.141881402799578 4.165312723246396 5.72526369369358 4.518087218393651
915 5.02256044086687 4.18523571096012 5.381874525383251 4.8024885950433145
916 5.087946094482475 4.1278608101088485 5.608689444973539 4.570569776948572
917 5.195564055086278 3.994817764726859 5.682080361150182 4.599732349660506
918 5.24292943647357 4.119491938061019 5.423435968888385 4.440584571271358
919 5.294363725203744 4.09692343027728 5.6241657310477375 4.594681479154386
920 5.172951014965495 4.138234390906988 5.476133052093305 4.823259085021497
921 5.253355886511351 4.0940266491056825 5.645451692029205 4.545923605213304
922 5.2551466775364934 4.030752142715137 5.671860717886578 4.744210920700067
923 5.171368993698431 4.089180912622592 5.634599810475695 4.491847311838665
924 5.403121543801307 4.118726589069101 5.7794847587503915 4.766447739590752
925 5.105241351891734 4.332269902119309 5.6815710290920824 4.769363697858784
926 5.052640781139012 4.188311971677085 5.543525277506597 4.587197198706444
927 5.151424107453214 4.011471558768453 5.702638469872571 4.638172414411644
928 5.326941908326541 4.094808801883376 5.638012250226755 4.887332804123162
929 5.02821911846507 4.130202763059599 5.605947092569088 4.684877618664169
930 5.019245780663102 4.163845557396926 5.847253535215732 4.646033568822676
931 5.238076309944798 4.054980613575949 5.577432303270815 4.7661393534843475
932 4.880663249587744 4.33649670474478 5.704401230813238 4.594853891814346
933 5.2504904941111095 4.342384550330193 5.812805958530202 4.8364609680379
934 5.177565495729599 4.206396954973643 5.623637023309316 4.409979309392194
935 5.228449474577991 4.362994000416967 5.694785130069803 4.504788733136036
936 5.166616934570227 4.195747251163794 5.715224238792825 4.606721888747708
937 5.241959502719772 4.208707854157027 5.723681098335705 4.65301314595375
938 5.23911339087119 4.2527356216893875 5.508221843645587 4.612449664708825
939 5.108065580108395 4.080710055994026 5.379472192089275 4.646695023025737
940 5.041693191709419 4.103105070658331 5.653159667876161 4.759900248404574
941 5.365894035230843 4.363801440731654 5.533841834339114 4.600580506541891
942 5.044020873508618 4.204081196126871 5.536042429596305 4.550677521972738
943 5.322541006568916 4.091606714696618 5.780246009006419 4.93002812659455
944 5.393624232615891 4.1292266612420345 5.569307781376374 4.641719681647113
945 5.0989718817930125 4.118102499233635 5.6705913289040195 4.656653140934018
946 5.105045290388703 4.0772581054245025 5.635528493757922 4.417570286410791
947 5.042998352178367 4.207263607990143 5.834239332788599 4.751815702047008
948 5.313117560090669 4.057433973447733 5.7449065258780925 4.313049259448273
949 5.348253868844893 4.268272422945002 5.510452661788429 4.651132790454281
950 5.262922752175922 4.122900829692292 5.535371492369681 4.222239372604268
951 5.010981969453079 4.012810851445765 5.450056610752446 4.454652857796433
952 5.251470931573987 4.301434515097054 5.523321631040967 4.619710972466871
953 5.255287120957142 4.1977141551407895 5.557889612502255 4.618171991879411
954 5.428853161201869 4.171690576156132 5.4988218857840145 4.348940354728476
955 5.0179622773690005 4.065848547465163 5.471639996061992 4.403005165483222
956 4.931941455083787 4.134004025952985 5.588383866893515 4.413094159793114
957 5.011849900315547 4.109520495386473 5.578627666781942 4.36678278084525
958 5.378292060584151 4.185269291692319 5.6302239133920535 4.8617292532299725
959 5.511221327955298 4.136086598127052 5.436088121376101 4.404132660936017
960 4.8871418494976275 4.219055598322547 5.715184579365504 4.866791738705632
961 5.181799458950066 4.115671444646399 5.714130856849278 4.759660819489411
962 5.074291656143628 4.124485376542681 5.574285485929364 4.552175857213422
963 5.176876232109012 4.057462767787165 5.742055674413728 4.850985605182117
964 5.102054478846089 4.1895802399191435 5.771207581652298 4.635724069783871
965 5.027613977419347 4.0837087484580925 5.639161699480124 5.000729986932594
966 5.18851178260611 4.179813776167286 5.7370817907768705 4.479856319519031
967 5.244633431982396 4.13104632252615 5.68798896018068 4.395641709506781
968 5.142296781514412 4.197820941961699 5.473852232553459 4.63957370403729
969 5.215833489100732 4.052750008939315 5.677124082719787 4.967153514417635
970 5.233686802953508 4.270902703398436 5.393797061784335 4.336539834431721
971 5.1388942449925405 4.223496547833846 5.801456949945281 4.504026258076686
972 5.004196938310363 4.1757119657414465 5.665130264471358 4.692621607133971
973 5.005794524124925 4.161251934255938 5.567860950385583 4.700579339684083
974 5.071531508497509 4.310302663700231 5.736341360801562 4.873888160786291
975 5.1448321227662905 4.0556319822354325 5.5029078170335355 4.6937855395158055
976 5.220868635281547 4.192591812138379 5.830084953184037 4.9043168543171385
977 5.142938481316907 4.288110409068193 5.420775220987524 4.820086541894685
978 5.308653859988679 4.394281898512308 5.628694571631128 4.35203552790392
979 5.316438682816334 4.302336013397939 5.657093729661402 4.372718047350104
980 5.114791075508103 4.093350283237836 5.613282889326302 4.50035250827823
981 5.096405102348091 4.35806134769792 5.78720406262961 4.346174117109381
982 5.230628892108662 4.22894207171658 5.633993451968439 4.618799938897931
983 5.172221112500014 4.222343343927904 5.648549475732401 4.369048610626422
984 5.140159659898055 4.404394380106417 5.73151994403227 4.802238058018137
985 4.986338747402337 4.100767573186924 5.813066771640443 4.7198310676333675
986 5.203226683670215 4.313570939218355 5.67544583122869 4.510246007032208
987 5.01188611525567 4.094314677900952 5.571022749164401 4.427618889808584
988 5.033827695517296 4.178180731984411 5.7325140351007455 4.7690525933879035
989 5.043806641261476 4.345896013348645 5.825784948173817 4.295006984212154
990 5.009439966888041 4.297813739737824 5.708663753372541 4.627048829669737
991 5.05851372561021 4.379246695454825 5.547549526628148 4.5603955213135645
992 4.928591898106421 4.080679409017384 5.7376027111761445 4.60826634619902
993 5.056570161060064 4.353724826345833 5.6200281026083685 4.7387330610778955
994 5.254997778224741 4.261641910512001 5.659264481113908 4.471759146383694
995 4.956682124280648 4.087260092870556 5.922672921416145 4.392782037132272
996 5.23861817628967 4.309762026578749 5.794721478243366 4.637492413446884
997 5.182656005052358 4.145480134309701 5.505339879368985 4.663390601723955
998 5.139279617428277 4.145344916886563 5.543544857700327 4.392268817605506
999 4.988998416977862 4.134920232576066 5.745093746174269 4.845228255608692
