1.0746411085128784
0.4254801273345947
1.169838786125183
1.3573920726776123
1.2754141092300415
1.627675175666809
1.2576789855957031
1.2839874029159546
1.7446379661560059
2.032106637954712
1.5542196035385132
1.1370173692703247
0.945188581943512
0.6657927632331848
0.919891357421875
1.3503631353378296
1.1547809839248657
0.9612455368041992
0.9120478630065918
1.310652732849121
1.7610775232315063
1.0216176509857178
1.1944910287857056
1.109606146812439
0.9284025430679321
1.1909747123718262
1.825915813446045
2.084212064743042
2.160823345184326
1.4752638339996338
1.4526512622833252
1.4194825887680054
1.4632493257522583
2.138944625854492
1.8398656845092773
1.9557592868804932
1.4651038646697998
1.5893126726150513
2.591493606567383
2.9699788093566895
2.6249961853027344
2.72411847114563
2.245293617248535
2.493417263031006
2.9386181831359863
2.197401285171509
2.40158748626709
2.4672698974609375
1.8787227869033813
2.367483615875244
2.3562395572662354
2.426997184753418
2.733874559402466
2.053750991821289
2.2407548427581787
2.2284748554229736
2.48811674118042
2.3960049152374268
2.3135509490966797
1.961832046508789
1.5773378610610962
1.6798452138900757
1.359876036643982
1.1680272817611694
1.2441130876541138
1.337229609489441
0.8995339870452881
0.7658796310424805
0.8705180883407593
0.914409339427948
0.6293036937713623
1.2192124128341675
1.0804709196090698
1.603903889656067
1.3835817575454712
1.620229959487915
1.288217544555664
1.3338823318481445
1.4408124685287476
1.4548507928848267
1.0082343816757202
1.2356799840927124
0.9759085178375244
1.6425279378890991
1.2597144842147827
1.2794173955917358
1.5337227582931519
1.0134010314941406
1.4432870149612427
1.2852494716644287
1.4201024770736694
1.4312005043029785
1.3438055515289307
1.0770155191421509
1.4259669780731201
1.3465595245361328
1.249563217163086
1.4153869152069092
1.0876855850219727
1.1659185886383057
0.8618701696395874
1.6387790441513062
1.4769450426101685
1.14342200756073
1.2768027782440186
1.0633819103240967
0.7630373239517212
0.9588873386383057
1.365561604499817
0.6492220759391785
0.6285821795463562
0.6976579427719116
0.6328981518745422
0.8471673130989075
1.312894582748413
1.0820672512054443
1.1429275274276733
0.7781565189361572
1.0313310623168945
0.627224862575531
0.7810612320899963
0.8542224764823914
0.9066990613937378
0.6941477060317993
0.4119598865509033
0.6298721432685852
1.0067493915557861
1.1440296173095703
2.006657361984253
1.6796890497207642
0.9906889796257019
0.8864657878875732
1.1569355726242065
1.0688097476959229
0.9242749214172363
1.2174532413482666
1.0772995948791504
0.8195263147354126
0.9907720685005188
0.7116362452507019
0.8202180862426758
0.9026839137077332
0.9043869376182556
0.6732206344604492
1.0214442014694214
0.81782466173172
0.7729048132896423
0.763359546661377
1.0124001502990723
0.7014917135238647
0.8363799452781677
0.8063917756080627
0.8087338805198669
1.024573564529419
0.6854218244552612
0.7456540465354919
1.117857813835144
1.046852707862854
0.570872962474823
0.5467467308044434
0.8776417374610901
0.7057530879974365
1.059008240699768
0.9477713108062744
0.909101128578186
1.114399790763855
1.1850947141647339
0.9084701538085938
0.7612307667732239
0.7799414396286011
0.7194387316703796
0.6560601592063904
0.8326212763786316
1.7373312711715698
1.5138174295425415
0.6742324829101563
0.5968945026397705
1.3503426313400269
0.7683203816413879
1.010465383529663
0.9277229309082031
0.9852033853530884
0.9492625594139099
1.1859337091445923
1.3892862796783447
0.9398449659347534
0.8756704926490784
1.1598713397979736
1.042129397392273
0.6774789690971375
0.6481419801712036
0.6132258176803589
1.3139498233795166
0.7081752419471741
0.8919733762741089
0.9270278215408325
0.6916813254356384
0.7379688024520874
0.9240829944610596
0.7683889269828796
0.5966900587081909
0.64715176820755
0.40324294567108154
0.45842280983924866
0.8231908679008484
0.7365368604660034
0.5109272599220276
0.7876278162002563
1.190282940864563
0.6888150572776794
0.5440497994422913
0.559158980846405
0.9268090724945068
0.7148758769035339
0.5969269871711731
0.5696883797645569
0.8643313646316528
0.8439760804176331
1.0987752676010132
1.047269344329834
1.256819725036621
0.9935832619667053
0.7109206318855286
0.9952318668365479
1.0285918712615967
0.9098992943763733
1.2881511449813843
0.9387937784194946
1.5178035497665405
0.7773365378379822
0.7707842588424683
0.8424378037452698
0.8789295554161072
0.7064566612243652
0.8041175603866577
0.8016546368598938
1.159131646156311
0.5740028619766235
1.0182623863220215
0.7839193344116211
0.7935474514961243
1.1080353260040283
0.6649158596992493
0.82758629322052
0.9302767515182495
0.7042223811149597
0.7912254333496094
0.8541052937507629
1.1258119344711304
1.2841094732284546
1.2386064529418945
1.5172311067581177
0.9196005463600159
0.8178279399871826
1.089447259902954
1.2728219032287598
1.2815725803375244
0.9817652106285095
0.7379744648933411
0.8991189002990723
0.8883956074714661
0.79356849193573
0.7608458399772644
1.3465908765792847
1.6819044351577759
1.7544729709625244
0.8216993808746338
0.88090580701828
1.0821038484573364
0.7236800789833069
0.7766618132591248
0.7212415933609009
1.4310495853424072
1.4248257875442505
1.4081945419311523
1.515535831451416
0.9756776690483093
0.7769880294799805
0.7812967896461487
1.0249239206314087
0.965237557888031
1.0132951736450195
0.8434528112411499
0.7687349319458008
0.9871095418930054
0.5868120789527893
1.03227961063385
0.8345350027084351
0.9105826616287231
0.6228790879249573
0.6197336912155151
0.8231089115142822
0.9700614213943481
0.7300392389297485
0.855370283126831
0.829068124294281
0.8244258165359497
0.9505922794342041
1.1470619440078735
0.565733015537262
0.8763143420219421
0.8530383110046387
0.5973514914512634
0.49036940932273865
0.61077481508255
0.5278043150901794
0.6143951416015625
0.7837694883346558
0.576536238193512
0.7977707982063293
0.8119298815727234
1.0475345849990845
0.8074892163276672
0.9902487397193909
0.7780302166938782
0.8561133742332458
0.6445837616920471
0.7137471437454224
0.6546140909194946
0.7826412916183472
1.4520750045776367
1.018565058708191
0.7209997177124023
0.8522858619689941
1.0990164279937744
1.1550034284591675
1.0300620794296265
0.7531173229217529
0.9598723649978638
0.9238790273666382
0.8609020113945007
1.0390971899032593
0.8992915153503418
0.6020703911781311
0.8545740842819214
1.056710958480835
0.7666139006614685
0.6880208849906921
0.6908065676689148
0.7620348930358887
0.4582735300064087
0.7978428602218628
0.637531578540802
0.9592901468276978
1.0541632175445557
0.7867083549499512
1.0458614826202393
0.967173159122467
0.8104702830314636
0.8409765958786011
0.6259210705757141
0.5437976121902466
1.1070476770401
1.100572943687439
1.2964539527893066
0.5876081585884094
0.541349470615387
0.7714760899543762
0.5025468468666077
0.708435595035553
0.7473257184028625
1.0034890174865723
0.6666455864906311
0.7744278907775879
0.9680712223052979
0.7138171792030334
0.7274060845375061
0.47910502552986145
1.0815637111663818
0.8862184286117554
1.009443759918213
1.3474370241165161
2.051853895187378
1.9403318166732788
1.6365787982940674
1.5709409713745117
1.5398213863372803
1.4538427591323853
0.7034717202186584
0.9472466111183167
0.6034705638885498
1.0876423120498657
0.6903129816055298
0.7230448722839355
0.7561184763908386
0.6516416072845459
0.7219585180282593
0.8821592926979065
0.7888821959495544
0.8937451839447021
0.7946375012397766
1.03760826587677
1.6339040994644165
1.2830088138580322
0.7071195840835571
0.7748086452484131
0.7358019948005676
0.6492962837219238
0.6323481202125549
0.7711271047592163
0.6447559595108032
0.7339731454849243
0.6396980285644531
0.8949509859085083
1.0317645072937012
1.0587031841278076
0.8020122647285461
1.052544116973877
1.1074758768081665
0.9807242155075073
1.2507214546203613
0.8790625333786011
0.9311617612838745
1.0361580848693848
1.2056899070739746
1.0742303133010864
1.1794196367263794
1.0386770963668823
1.2977628707885742
0.8011108636856079
0.7413144111633301
0.8464473485946655
1.3206850290298462
1.1374192237854004
1.1360975503921509
0.9464905261993408
1.305295705795288
1.1756670475006104
1.3321917057037354
1.0706008672714233
0.6252797842025757
0.9250522255897522
0.8706364035606384
1.128238558769226
0.9392647743225098
1.0097017288208008
0.7215104103088379
0.6992559432983398
0.8771816492080688
0.7787253260612488
1.1408613920211792
1.4020633697509766
1.100436806678772
1.6122335195541382
1.1325976848602295
1.8011727333068848
1.4402679204940796
0.7814995646476746
0.6739015579223633
0.9296248555183411
0.9876128435134888
0.9603567123413086
0.9205554723739624
0.7483495473861694
0.9083277583122253
0.8471208810806274
0.8611074090003967
0.7987275123596191
1.071287989616394
0.8185921907424927
0.5884293913841248
0.96433424949646
0.8236818313598633
0.9675880074501038
0.6102359890937805
0.7516534924507141
0.8777589797973633
1.0619268417358398
0.8494336605072021
0.683192253112793
0.9318931698799133
0.6927148699760437
0.7588112354278564
0.7811972498893738
0.738855242729187
0.7874476313591003
0.9122769236564636
0.8672279119491577
0.6917938590049744
0.6645461916923523
0.7624457478523254
0.5362467169761658
0.6316571831703186
1.2965999841690063
1.5774366855621338
1.2269796133041382
0.8354710936546326
1.2609953880310059
0.8963077068328857
0.9367659091949463
1.1266894340515137
0.7752696871757507
0.9245043396949768
0.5469443202018738
0.5795775055885315
0.7946795225143433
0.9204850196838379
1.0433753728866577
1.1201927661895752
