0.3158119320869446
0.30619505047798157
0.2795029282569885
0.37037569284439087
0.3736642003059387
0.34339451789855957
0.26526641845703125
0.26961106061935425
0.3521372675895691
0.34195828437805176
0.30649927258491516
0.29775553941726685
0.3736785352230072
0.35227957367897034
0.32302871346473694
0.3107271194458008
0.3195996880531311
0.33046233654022217
0.35883262753486633
0.30022722482681274
0.4015791714191437
0.38483095169067383
0.3171905279159546
0.3591501712799072
0.40800315141677856
0.41133081912994385
0.48093053698539734
0.45789146423339844
0.43745049834251404
0.4631442427635193
0.45230957865715027
0.444709450006485
0.4786287546157837
0.4572390019893646
0.5087746381759644
0.4986957311630249
0.41701391339302063
0.4299103617668152
0.42453309893608093
0.515986979007721
0.47093552350997925
0.4846141040325165
0.4101629853248596
0.38238725066185
0.47099822759628296
0.45258671045303345
0.5286927223205566
0.5220088362693787
0.5237051844596863
0.4637259840965271
0.49146366119384766
0.4552411437034607
0.4009724259376526
0.4444248676300049
0.4375818073749542
0.405170202255249
0.4213864505290985
0.46492207050323486
0.4610438048839569
0.5025935173034668
0.4373084604740143
0.46531587839126587
0.4520013928413391
0.4884287714958191
0.3998590111732483
0.447864294052124
0.437521368265152
0.41955330967903137
0.4231950342655182
0.5262265801429749
0.48686325550079346
0.45926669239997864
0.5244893431663513
0.5143987536430359
0.5296815633773804
0.45954957604408264
0.4774603843688965
0.4438951015472412
0.44857552647590637
0.4186078906059265
0.4247828423976898
0.4459058940410614
0.424999862909317
0.43013742566108704
0.4132683575153351
0.42141997814178467
0.49524685740470886
0.41696465015411377
0.4946615993976593
0.47687792778015137
0.42595788836479187
0.5141406059265137
0.45547935366630554
0.4946437478065491
0.5757450461387634
0.4623759388923645
0.4278305470943451
0.5183010101318359
0.5461065769195557
0.49043866991996765
0.5212782621383667
0.44045954942703247
0.47408485412597656
0.488219678401947
0.440490186214447
0.4392479360103607
0.519694447517395
0.4369511902332306
0.4401867687702179
0.5201800465583801
0.5000560283660889
0.46671828627586365
0.43619468808174133
0.3973408639431
0.4519846439361572
0.42256611585617065
0.4628680646419525
0.43810102343559265
0.4750898778438568
0.46903467178344727
0.4301478862762451
0.4572278559207916
0.5819535255432129
0.4784714877605438
0.4407285451889038
0.5149494409561157
0.4856100082397461
0.48163077235221863
0.46973463892936707
0.4587858319282532
0.4630149304866791
0.5048216581344604
0.47536805272102356
0.4977327287197113
0.45147719979286194
0.4641392230987549
0.47430914640426636
0.4854062497615814
0.5399999618530273
0.549065113067627
0.5171696543693542
0.4877016544342041
0.5696881413459778
0.5048306584358215
0.5544061660766602
0.5297797322273254
0.532696545124054
0.50318443775177
0.4532971978187561
0.553054690361023
0.4677121043205261
0.5013352632522583
0.5251155495643616
0.4253692924976349
0.52208411693573
0.5376376509666443
0.5273841023445129
0.46616557240486145
0.47313618659973145
0.4949500262737274
0.5097373723983765
0.5385058522224426
0.5171168446540833
0.5172140598297119
0.4966561198234558
0.48949363827705383
0.41696199774742126
0.5185366868972778
0.5245485901832581
0.5487155914306641
0.48433706164360046
0.47688886523246765
0.4539065957069397
0.49648430943489075
0.4609285295009613
0.512802243232727
0.5331079363822937
0.42499083280563354
0.527575671672821
0.5052663683891296
0.4720073342323303
0.5072760581970215
0.46530547738075256
0.4735359847545624
0.5383840203285217
0.46285250782966614
0.5119220018386841
0.47071728110313416
0.49206608533859253
0.4948575794696808
0.4624410569667816
0.3901183605194092
0.49690622091293335
0.5348979830741882
0.4851434528827667
0.4882241487503052
0.5528042912483215
0.47217121720314026
0.43478506803512573
0.5081493258476257
0.5405479073524475
0.5132092237472534
0.5672842264175415
0.556778609752655
0.45327019691467285
0.5019134283065796
0.5033599734306335
0.45106205344200134
0.49424776434898376
0.5149504542350769
0.53980952501297
0.4772498607635498
0.5204819440841675
0.5476320385932922
0.47787579894065857
0.48156097531318665
0.4681459665298462
0.5675815939903259
0.5306873321533203
0.4648955166339874
0.49670228362083435
0.47183260321617126
0.5635142922401428
0.5032970309257507
0.47798898816108704
0.47246018052101135
0.5178511738777161
0.5700316429138184
0.5453611612319946
0.49821579456329346
0.5305028557777405
0.4876885712146759
0.4867585301399231
0.5084084868431091
0.5426168441772461
0.4775797724723816
0.4978572726249695
0.4877382814884186
0.5100442171096802
0.5302878618240356
0.4820302426815033
0.5056118369102478
0.5456488132476807
0.5649002194404602
0.48621654510498047
0.4823261797428131
0.5638656616210938
0.4841614365577698
0.4591311812400818
0.43972763419151306
0.5948382019996643
0.5519024729728699
0.4907248616218567
0.5461711883544922
0.5347191691398621
0.5126811861991882
0.5275159478187561
0.5426465272903442
0.5285430550575256
0.6117029190063477
0.5377966165542603
0.504873514175415
0.5574010610580444
0.616207480430603
0.5565497875213623
0.5050238370895386
0.5199915170669556
0.549159049987793
0.4609658420085907
0.5182718634605408
0.5200890302658081
0.5593876242637634
0.5189316868782043
0.5444012880325317
0.509575605392456
0.49168604612350464
0.5293278098106384
0.5308270454406738
0.545084536075592
0.545861005783081
0.47788292169570923
0.4947316646575928
0.6087066531181335
0.5835123062133789
0.549937903881073
0.5667127370834351
0.5438418984413147
0.545590877532959
0.5738236308097839
0.538608193397522
0.5183324813842773
0.5463735461235046
0.5129512548446655
0.516926109790802
0.5382564663887024
0.5265764594078064
0.4628128409385681
0.4768584370613098
0.5278909206390381
0.5227856636047363
0.5035246014595032
0.5152420997619629
0.5457303524017334
0.5755681395530701
0.6297976970672607
0.5032927393913269
0.4756155014038086
0.4747205972671509
0.5003858804702759
0.5603962540626526
0.5366805791854858
0.47492337226867676
0.5470298528671265
0.5329586863517761
0.5034819841384888
0.5397917628288269
0.4887780249118805
0.5402405261993408
0.5542609691619873
0.5191748142242432
0.5893559455871582
0.5703050494194031
0.552462100982666
0.5276350975036621
0.5019488334655762
0.5554512143135071
0.47863951325416565
0.5005654096603394
0.5418963432312012
0.5729460120201111
0.5691812038421631
0.5209574103355408
0.5582332611083984
0.5147650241851807
0.5510846972465515
0.5511427521705627
0.5578292608261108
0.5451399683952332
0.5960351228713989
0.684850811958313
0.5147563219070435
0.5223531723022461
0.5613446831703186
0.5359501838684082
0.5774203538894653
0.5469124913215637
0.5715407133102417
0.5468153357505798
0.5757851004600525
0.5447080731391907
0.5431842803955078
0.5383608937263489
0.6397891044616699
0.5370740294456482
0.5061151385307312
0.5295034050941467
0.6060848236083984
0.614910364151001
0.5552664995193481
0.6130639910697937
0.5786167979240417
0.6105492115020752
0.5446714758872986
0.532313883304596
0.5084593296051025
0.5576803088188171
0.5889801383018494
0.5629909038543701
0.5451777577400208
0.46964263916015625
0.5692626237869263
0.5414948463439941
0.5126038789749146
0.5339447855949402
0.5541881918907166
0.562170684337616
0.5519513487815857
0.5591480135917664
0.5350550413131714
0.6122477650642395
0.5347416996955872
0.5796206593513489
0.536596417427063
0.5862873792648315
0.6254119277000427
0.5265236496925354
0.5106773972511292
0.5582718253135681
0.5399465560913086
0.5134888291358948
0.4749234616756439
0.5002013444900513
0.5601890683174133
0.5794074535369873
0.530458927154541
0.5410425066947937
0.5187498927116394
0.5192350745201111
0.5355339646339417
0.518665075302124
0.5186952352523804
0.5433475375175476
0.5376738905906677
0.4912378787994385
0.5291903018951416
0.4978240430355072
0.5175473690032959
0.5351736545562744
0.5477054715156555
0.4779503643512726
0.4640835225582123
0.48825451731681824
0.5126145482063293
0.5476327538490295
0.5406515598297119
0.5295834541320801
0.4960130751132965
0.5450258851051331
0.5656759738922119
0.5728238821029663
0.5949934124946594
0.492331862449646
0.5191324353218079
0.5277158617973328
0.5897207260131836
0.5763362050056458
0.5980460047721863
0.5523959398269653
0.487624853849411
0.46944811940193176
0.5876791477203369
0.4257541000843048
0.4190039336681366
0.5032714605331421
0.5873042345046997
0.5454434752464294
0.47239556908607483
0.47735321521759033
0.5224739909172058
0.5457190871238708
0.5612707734107971
0.5715743899345398
0.6019680500030518
0.5575543642044067
0.5604066252708435
0.5728457570075989
0.5779037475585938
0.5690760612487793
0.5651599764823914
0.5423360466957092
0.5432717204093933
0.5521661639213562
0.6148501038551331
0.5869531631469727
0.5298712849617004
0.48784923553466797
0.5279651284217834
0.480390340089798
0.6082260608673096
0.6119268536567688
0.4912988245487213
0.5235766768455505
0.5675623416900635
0.4805419445037842
0.6224069595336914
0.5089964270591736
0.5644283294677734
0.5607842206954956
0.5624241828918457
0.5665287375450134
0.509222149848938
0.493637353181839
0.5263299942016602
0.5757096409797668
0.5444384813308716
0.616043746471405
0.5919308066368103
0.48025089502334595
0.5481369495391846
0.5119779109954834
0.5316060185432434
0.6115041375160217
0.6483057737350464
0.513163685798645
0.5717277526855469
0.5760058760643005
0.4933391213417053
0.4918381869792938
0.5052371025085449
0.5454294681549072
0.5309804677963257
0.4622531235218048
0.588832437992096
0.5867124199867249
0.6092392802238464
0.5131165385246277
0.5595476627349854
0.5738770961761475
0.5440472364425659
0.5704340934753418
0.5295674800872803
0.5647678375244141
0.5642336010932922
0.6147855520248413
0.5530980229377747
0.5176635384559631
0.6021989583969116
0.5999403595924377
0.5658589601516724
0.6108501553535461
0.5610467791557312
0.5476370453834534
0.45998409390449524
0.49854573607444763
0.5408973693847656
0.5675023198127747
0.6087830662727356
0.5777115225791931
0.6087573170661926
0.5611693263053894
0.5397761464118958
0.5969211459159851
0.616531252861023
0.5434061884880066
0.5724075436592102
0.5491998195648193
0.5296764373779297
0.543245792388916
0.6349881887435913
0.5852944254875183
0.5299806594848633
0.49549102783203125
0.5897139310836792
0.5603668689727783
0.6094709634780884
0.5654043555259705
0.6440330743789673
0.5210764408111572
0.49698159098625183
0.5619003772735596
0.6075820326805115
0.5829804539680481
0.6190756559371948
0.5973031520843506
0.6066902279853821
0.5822455883026123
0.6045628190040588
0.5484762191772461
0.6115299463272095
0.598761796951294
0.5891894698143005
0.49958494305610657
0.5399923920631409
0.5868433713912964
0.5392042398452759
0.580427885055542
0.6382209658622742
0.5266909003257751
0.5288302302360535
0.5597332119941711
0.5344851016998291
0.49911877512931824
0.5444858074188232
0.48621445894241333
0.4633118808269501
0.5462983250617981
0.5743407607078552
0.5434157848358154
0.5420880317687988
0.4632223844528198
0.5814187526702881
0.46493348479270935
0.6165559887886047
0.5871042609214783
0.5549443364143372
0.6190384030342102
0.6180679202079773
0.5175668597221375
0.5436805486679077
0.5365636944770813
0.5866926312446594
0.5647159814834595
0.5587884187698364
0.5733412504196167
0.5138362050056458
0.5457027554512024
0.575562059879303
0.49028468132019043
0.4943805932998657
0.5310631394386292
0.5108171105384827
0.46257609128952026
0.5280205011367798
0.5452036261558533
0.5731778144836426
0.5369906425476074
0.37875765562057495
0.5517826080322266
0.5207450985908508
0.5468387603759766
0.5125471353530884
0.5056099891662598
0.5496087074279785
0.4299987554550171
0.39038845896720886
0.4631425142288208
0.49359092116355896
0.5043338537216187
0.5409040451049805
0.5520385503768921
0.5518670678138733
0.4568713307380676
0.38428327441215515
0.5675938129425049
0.45509541034698486
0.573907196521759
0.5162113904953003
0.5791138410568237
0.5228776335716248
0.4929177165031433
0.597847580909729
0.5686019062995911
0.528182327747345
0.5757350921630859
0.5404428839683533
0.48745396733283997
0.47216343879699707
0.5439770817756653
0.5630433559417725
0.45853304862976074
0.4796448349952698
0.48060381412506104
0.5167085528373718
0.5509128570556641
0.5114502310752869
0.5433127284049988
0.5898261070251465
0.5284692049026489
0.5588531494140625
0.45697280764579773
0.528730571269989
0.5679351687431335
0.4844672381877899
0.5112323760986328
0.5484548807144165
0.5276005268096924
0.5460944771766663
0.5261915326118469
0.5274208784103394
0.5367322564125061
0.5084014534950256
0.42818301916122437
0.4816993176937103
0.4490319490432739
0.5324372053146362
0.4208240807056427
0.5072312951087952
0.49896174669265747
0.5765853524208069
0.41882091760635376
0.4662299156188965
0.5275022387504578
0.5402837991714478
0.3897046148777008
0.47054898738861084
0.498440682888031
0.5251602530479431
0.532998263835907
0.4906688332557678
0.5280807018280029
0.46238240599632263
0.4434994161128998
0.5161652565002441
0.4789712727069855
0.4638231694698334
0.47637826204299927
0.48157939314842224
0.5212499499320984
0.513228714466095
0.5200403332710266
0.5113444924354553
0.4653491675853729
0.48430654406547546
0.539825975894928
0.4645833373069763
0.4786505401134491
0.4492039382457733
0.46674710512161255
0.4238796532154083
0.5140809416770935
0.5705628991127014
0.4446174204349518
0.43590641021728516
0.45904409885406494
0.4370921850204468
0.4844094514846802
0.49853914976119995
0.5089858174324036
0.42004621028900146
0.5016734600067139
0.5530610084533691
0.5267146825790405
0.5281364321708679
0.4456728994846344
0.5223034024238586
0.4974649250507355
0.4990282952785492
0.44306185841560364
0.5498262643814087
0.43763309717178345
0.37688305974006653
0.4576365649700165
0.4513566493988037
0.4685310125350952
0.5745387077331543
0.4790273904800415
0.3997206389904022
0.48853591084480286
0.5074614882469177
0.4574592113494873
0.5052455067634583
0.5518396496772766
0.5220726132392883
0.5632200837135315
0.44250136613845825
0.4561246335506439
0.5311574935913086
0.4529317021369934
0.5334928631782532
0.49014589190483093
0.4477575421333313
0.4296656847000122
0.512847363948822
0.47985410690307617
0.46472373604774475
0.4626331925392151
0.45386648178100586
0.4931058883666992
0.4576351046562195
0.5418315529823303
0.3894692361354828
0.5576722025871277
0.42300114035606384
0.49071216583251953
0.41036105155944824
0.482302188873291
0.47383949160575867
0.42180919647216797
0.4452427923679352
0.5522098541259766
0.5340907573699951
0.4776732325553894
0.4855387806892395
0.5151677131652832
0.4774000644683838
0.5102116465568542
0.5166510343551636
0.4751432538032532
0.5347921848297119
0.5118188261985779
0.5396134257316589
0.5505484938621521
0.49551138281822205
0.5154213905334473
0.47577235102653503
0.4433664381504059
0.4720709025859833
0.5086531043052673
0.5346421599388123
0.49527978897094727
0.5169004201889038
0.5322142243385315
0.4607258439064026
0.5458456873893738
0.4562251567840576
0.43907618522644043
0.4641956388950348
0.5037981867790222
0.48603692650794983
0.4691120684146881
0.42758551239967346
0.5439363718032837
0.5561084747314453
0.4651215970516205
0.48311281204223633
0.5008311867713928
0.5079954862594604
0.5259172916412354
0.4741295576095581
0.4990651607513428
0.5266814231872559
0.48559466004371643
0.5655410885810852
0.5703457593917847
0.4924449324607849
0.539323091506958
0.5702565312385559
0.5067263841629028
0.49318450689315796
0.5698246359825134
0.523451030254364
0.49871569871902466
0.5412200093269348
0.5733647346496582
0.4995616376399994
0.5279467105865479
0.5048564076423645
0.48349493741989136
0.5608353614807129
0.5205779671669006
0.5266002416610718
0.502454936504364
0.5463217496871948
0.5171020030975342
0.5569168925285339
0.5143132209777832
0.5399898290634155
0.627914309501648
0.5752653479576111
0.5561139583587646
0.5755158066749573
0.562228798866272
0.5588110685348511
0.6153809428215027
0.6026137471199036
0.5077234506607056
0.5612384676933289
0.5648855566978455
0.5329186320304871
0.5772015452384949
0.6524720191955566
0.5948599576950073
0.6258517503738403
0.649543046951294
0.605000913143158
0.5062920451164246
0.6046937704086304
0.5837551951408386
0.6309701204299927
0.6254512667655945
0.5521544814109802
0.6042242646217346
0.48734673857688904
0.5792572498321533
0.5929214358329773
0.5749311447143555
0.4771197736263275
0.47736501693725586
0.5724831819534302
0.5474643111228943
0.4018847644329071
0.47343724966049194
0.5160097479820251
0.5955159068107605
0.5496739149093628
0.5537756681442261
0.5148835778236389
0.5575061440467834
0.5234729051589966
0.5821942090988159
0.5154948234558105
0.4515629708766937
0.6084032654762268
0.5713995695114136
0.5359417200088501
0.5238634347915649
0.5170055031776428
0.5363816022872925
0.4656394124031067
0.5723490715026855
0.6073408722877502
0.5754938125610352
0.4109112620353699
0.5412580370903015
0.6365166306495667
0.5526036620140076
0.5621799826622009
0.6554198265075684
0.5196513533592224
0.5988177061080933
0.6027539372444153
0.5839699506759644
0.5773718357086182
0.5894210338592529
0.4853971004486084
0.5763293504714966
0.5150161981582642
0.6333746910095215
0.5248539447784424
0.61794513463974
0.47602641582489014
0.5840811729431152
0.5522750616073608
0.55361008644104
0.5206455588340759
0.4597659409046173
0.5234315991401672
0.5177851319313049
0.5548523664474487
0.5111281275749207
0.4385885000228882
0.6038991212844849
0.6143478155136108
0.7385185360908508
0.5834322571754456
0.6172299385070801
0.6462648510932922
0.6084166169166565
0.6732488870620728
0.5987401604652405
0.627831757068634
0.5261006951332092
0.5507370233535767
0.58380126953125
0.4426940977573395
0.5255016088485718
0.547249972820282
0.5505077838897705
0.5726040601730347
0.5028325915336609
0.474580317735672
0.4904710054397583
0.5570360422134399
0.6617333889007568
0.5855833888053894
0.5141858458518982
0.5479639172554016
0.6536849737167358
0.5865994095802307
0.5647939443588257
0.5758070349693298
0.5704051852226257
0.5774620771408081
0.4988146424293518
0.554215669631958
0.6397826671600342
0.5809054374694824
0.5541326403617859
0.4728378653526306
0.49809733033180237
0.4727768301963806
0.5161780714988708
0.5191675424575806
0.5739071369171143
0.6213961839675903
0.5090327262878418
0.5402376651763916
0.6456923484802246
0.44204792380332947
0.6636819839477539
0.5789611339569092
0.590378999710083
0.5703602433204651
0.5814668536186218
0.5450088977813721
0.581976592540741
0.5581724643707275
0.5330367684364319
0.562703013420105
0.5498220920562744
0.5697956085205078
0.5768558382987976
0.5077552795410156
0.5277832746505737
0.5845992565155029
0.56657475233078
0.47806861996650696
0.5969727635383606
0.4782330393791199
0.5579009652137756
0.6850600242614746
0.5394334197044373
0.6219432950019836
0.553069531917572
0.544843316078186
0.4935150444507599
0.6134365797042847
0.5515788793563843
0.623117983341217
0.5177243947982788
0.5602328777313232
0.49139857292175293
0.6194995045661926
0.6465549468994141
0.6301754713058472
0.5239186882972717
0.5514011383056641
0.5724518299102783
0.6125062108039856
0.6074660420417786
0.5717158317565918
0.5530511736869812
0.5476002097129822
0.6477888822555542
0.5862372517585754
0.5796498656272888
0.5967360734939575
0.5274621844291687
0.5716161131858826
0.5728667378425598
0.5467407703399658
0.48398372530937195
0.5710554122924805
0.593140184879303
0.5528482794761658
0.5364272594451904
0.5600316524505615
0.4608362317085266
0.5185148119926453
0.5605588555335999
0.5180484652519226
0.6103134751319885
0.6416756510734558
0.5308973789215088
0.5430386066436768
0.5177054405212402
0.678054690361023
0.5533188581466675
0.47986388206481934
0.574884295463562
0.49854809045791626
0.5048540830612183
0.5149514079093933
0.5304157733917236
0.5101262331008911
0.5396470427513123
0.6264812350273132
0.5319346785545349
0.5627285242080688
0.6018063426017761
0.607231855392456
0.587224543094635
0.5527424812316895
0.5327234268188477
0.5575162768363953
0.5617651343345642
0.5116835832595825
0.5619817972183228
0.5805347561836243
0.5550121068954468
0.5228977799415588
0.5484305024147034
0.5171849727630615
0.5412998795509338
0.5213057398796082
0.5098679065704346
0.45748183131217957
0.45067450404167175
0.5433149337768555
0.524948000907898
0.6283100843429565
0.5361557006835938
0.5201328992843628
0.4982909560203552
0.5551450252532959
0.5200254917144775
0.5042806267738342
0.4492799639701843
0.6024420857429504
0.5560383796691895
0.443128377199173
0.49226829409599304
0.5581665635108948
0.6378397345542908
0.4258437752723694
0.5658848285675049
0.4893747568130493
0.6125317215919495
0.6156014800071716
0.5039199590682983
0.5707319378852844
0.4510132670402527
0.5062969326972961
0.5166687369346619
0.5607019662857056
0.4713490307331085
0.5220863819122314
0.6190104484558105
0.48118725419044495
0.5447353720664978
0.4885062575340271
0.5394002199172974
0.4707094430923462
0.49389657378196716
0.5095595121383667
0.5527727007865906
0.553695559501648
0.4403170347213745
0.5239487290382385
0.5836110711097717
0.5406821370124817
0.47560110688209534
0.49948740005493164
0.5131872296333313
0.5577534437179565
0.5671768188476563
0.5462897419929504
0.5285935997962952
0.521797776222229
0.47586068511009216
0.467656672000885
0.5678289532661438
0.4608461558818817
0.5320075154304504
0.5207793116569519
0.5149680972099304
0.503115177154541
0.5034034848213196
0.5260876417160034
0.45567238330841064
0.5235570073127747
0.5093021392822266
0.4937920868396759
0.43982994556427
0.4616296887397766
0.49124133586883545
0.49641379714012146
0.5089327096939087
0.5137665867805481
0.5883246064186096
0.5024784803390503
0.5662599205970764
0.45428743958473206
0.6003987789154053
0.6430807709693909
0.5337653160095215
0.4615207612514496
0.5793057084083557
0.4424959719181061
0.5280249714851379
0.40543225407600403
0.4408431649208069
0.4904370903968811
0.47366100549697876
0.47945523262023926
0.5346860885620117
0.48865485191345215
0.5077548027038574
0.5344334840774536
0.4929637908935547
0.5224192142486572
0.39396607875823975
0.49656111001968384
0.4129932224750519
0.37231913208961487
0.531978189945221
0.486485093832016
0.4850187301635742
0.48359552025794983
0.4645906388759613
0.475225567817688
0.501642644405365
0.49624067544937134
0.48838934302330017
0.4777618944644928
0.44566288590431213
0.42173755168914795
0.49554353952407837
0.501595139503479
0.5243237018585205
0.5045530796051025
0.4426380693912506
0.48319628834724426
0.45017367601394653
0.42569196224212646
0.47621938586235046
0.45862117409706116
0.5377712249755859
0.502678394317627
0.4413261413574219
0.5021771788597107
0.5209484100341797
0.47788161039352417
0.41778212785720825
0.5059739351272583
0.42343980073928833
0.5283124446868896
0.47131437063217163
0.5019031167030334
0.4649152159690857
0.5497542023658752
0.5300467014312744
0.4292065501213074
0.45748817920684814
0.5023153424263
0.5235060453414917
0.4367513656616211
0.46528759598731995
0.4387838542461395
0.40949374437332153
0.42746278643608093
0.46231886744499207
0.5223191380500793
0.3875534236431122
0.49826478958129883
0.4464015066623688
0.4968487024307251
0.4035298526287079
0.4922924041748047
0.4791885018348694
0.5033767223358154
0.491557776927948
0.5115557312965393
0.5006361603736877
0.44376105070114136
0.4384167790412903
0.5100106596946716
0.4876141846179962
0.5078049302101135
0.4942798316478729
0.5122243762016296
0.46956297755241394
0.4344700276851654
0.48108652234077454
0.44187235832214355
0.5057263970375061
0.43547576665878296
0.42990297079086304
0.4474409222602844
0.37613263726234436
0.44939449429512024
0.4723300039768219
0.4694775938987732
0.4780430495738983
0.4336357116699219
0.4436635971069336
0.4948943555355072
0.5391091108322144
0.4952066242694855
0.5171096920967102
0.4852692186832428
0.4410952031612396
0.47694823145866394
0.4278033375740051
0.49619245529174805
0.44015568494796753
0.4060262143611908
0.4470115602016449
0.49957603216171265
0.4284839332103729
0.4556514024734497
0.3520366847515106
0.44124656915664673
0.3964937627315521
0.41744673252105713
0.4225565493106842
0.43382295966148376
0.44083523750305176
0.4206971228122711
0.48074716329574585
0.45418980717658997
0.4648432731628418
0.4171946942806244
0.3697885572910309
0.3885440230369568
0.45197606086730957
0.47703641653060913
0.5042998194694519
0.4681440591812134
0.42513543367385864
0.46653422713279724
0.4851146936416626
0.4050566256046295
0.48980674147605896
0.49115490913391113
0.39246219396591187
0.3990626037120819
0.4151366055011749
0.47892796993255615
0.4516634941101074
0.4515033960342407
0.3852003514766693
0.4427516758441925
0.4540330767631531
0.49280649423599243
0.4255411922931671
0.5183283686637878
0.43297111988067627
0.4366774559020996
0.4101683497428894
0.41214099526405334
0.41599878668785095
0.49008944630622864
0.3737598955631256
0.43353286385536194
0.48062852025032043
0.4533175826072693
0.4495449364185333
0.4612046778202057
0.4586261510848999
0.5291021466255188
0.3935653269290924
0.4010414183139801
0.43109092116355896
0.40266653895378113
0.4468151032924652
0.4308413565158844
0.4022582173347473
0.4375964403152466
0.4618445932865143
0.4821949899196625
0.3959757685661316
0.4420207440853119
0.44552430510520935
0.39465421438217163
0.40821602940559387
0.4403283894062042
0.4146369397640228
0.34960073232650757
0.42880356311798096
0.41420891880989075
0.40710583329200745
0.46106281876564026
0.45691943168640137
0.48192963004112244
0.4287911057472229
0.4545220732688904
0.43359455466270447
0.45840004086494446
0.377087265253067
0.45650720596313477
0.40157511830329895
0.544251024723053
0.4519408345222473
0.40369608998298645
0.4534836709499359
0.5009535551071167
0.3967508375644684
0.49649542570114136
0.4671630561351776
0.47815653681755066
0.39838331937789917
0.479767382144928
0.42313694953918457
0.4943210780620575
0.4439743459224701
0.37258440256118774
0.4710443913936615
0.38248029351234436
0.4563332796096802
0.4896728992462158
0.5063830614089966
0.5452708005905151
0.4147208631038666
0.5278118252754211
0.5010308623313904
0.4763619899749756
0.5275377035140991
0.499006986618042
0.5011434555053711
0.4631812274456024
0.532953679561615
0.4931528866291046
0.5623395442962646
0.48122960329055786
0.5119655728340149
0.5117841958999634
0.4702146649360657
0.5336987376213074
0.4839392304420471
0.5318824052810669
0.48800796270370483
0.5846028923988342
0.5513429045677185
0.446252703666687
0.4610573947429657
0.5952021479606628
0.4800455570220947
0.5272000432014465
0.4630088210105896
0.47758761048316956
0.4504680037498474
0.498317152261734
0.4014309048652649
0.5533286333084106
0.5176746845245361
0.43059635162353516
0.46158894896507263
0.42826247215270996
0.415299654006958
0.4353727698326111
0.4606868624687195
0.4737307131290436
0.514924943447113
0.5288968682289124
0.4420816898345947
0.4715297520160675
0.5163930058479309
0.45738130807876587
0.4785165786743164
0.43639442324638367
0.49313798546791077
0.48083898425102234
0.5140520334243774
0.4140370488166809
0.4334494173526764
0.414884090423584
0.5587911009788513
0.5046359896659851
0.5265905857086182
0.47998371720314026
0.46723076701164246
0.4692072570323944
0.5017863512039185
0.4933649003505707
0.5006000995635986
0.4840090572834015
0.5026564598083496
0.518236517906189
0.4785608947277069
0.5282474756240845
0.5212119817733765
0.4239100217819214
0.4765804708003998
0.5112918615341187
0.5053353905677795
0.5293706655502319
0.47500884532928467
0.4480913579463959
0.49827349185943604
0.5036163330078125
0.5389582514762878
0.44279932975769043
0.5019030570983887
0.45518049597740173
0.4451023042201996
0.46122506260871887
0.5067376494407654
0.4882097542285919
0.4912663400173187
0.5420078635215759
0.46312370896339417
0.481454461812973
0.48227256536483765
0.6556032299995422
0.44297653436660767
0.4798133373260498
0.5044288039207458
0.496681809425354
0.5118793249130249
0.4821825921535492
0.4811919629573822
0.4593583941459656
0.5253627896308899
0.5187931060791016
0.5276592969894409
0.46387121081352234
0.4595218002796173
0.4254363179206848
0.4315093159675598
0.49184393882751465
0.44928279519081116
0.4052656292915344
0.40141940116882324
0.3946191370487213
0.501677393913269
0.430890291929245
0.48783624172210693
0.4821094870567322
0.444403737783432
0.4297747313976288
0.4004032015800476
0.4554799497127533
0.4771779775619507
0.42701974511146545
0.4768582284450531
0.5232118368148804
0.42260900139808655
0.4420569837093353
0.46463003754615784
0.4559747278690338
0.4247168302536011
0.4939882755279541
0.5633783340454102
0.5064027905464172
0.4179370403289795
0.5274549126625061
0.3942610025405884
0.46449416875839233
0.5364851951599121
0.5206769704818726
0.5054929256439209
0.4928889870643616
0.5067168474197388
0.562309205532074
0.43549081683158875
0.45603692531585693
0.42167890071868896
0.5781716704368591
0.46611925959587097
0.4832262694835663
0.4938372075557709
0.44398966431617737
0.47831282019615173
0.4531500041484833
0.5375586748123169
0.40083611011505127
0.4324283003807068
0.4351632297039032
0.42347049713134766
0.4525226950645447
0.4613421559333801
0.4898212254047394
0.47010552883148193
0.4196777045726776
0.46298748254776
0.4263882637023926
0.4391370117664337
0.39039677381515503
0.471884161233902
0.4064759612083435
0.5140032768249512
0.5161699652671814
0.515823245048523
0.43074971437454224
0.4510701596736908
0.40792015194892883
0.40370696783065796
0.418720543384552
0.471120685338974
0.4859430491924286
0.526190459728241
0.47153493762016296
0.44109100103378296
0.41842713952064514
0.45647624135017395
0.4171591103076935
0.49657222628593445
0.5041064023971558
0.4966411590576172
0.40417733788490295
0.4505774676799774
0.5287556052207947
0.5798353552818298
0.5214792490005493
0.6526538729667664
0.5080651044845581
0.5854294896125793
0.5878050923347473
0.5519158840179443
0.5035829544067383
0.46309831738471985
0.597468376159668
0.5399325489997864
0.49124273657798767
0.5573475360870361
0.46536409854888916
0.44928526878356934
0.4790406823158264
0.5541121959686279
0.647846519947052
0.6133204698562622
0.5853278040885925
0.4800887703895569
0.5170512199401855
0.5782485604286194
0.5296368598937988
0.5346368551254272
0.501668393611908
0.5236921310424805
0.5342339873313904
0.560309112071991
0.5337512493133545
0.5082092881202698
0.5515895485877991
0.4954042136669159
0.5560298562049866
0.5218486785888672
0.5102367997169495
0.5430328845977783
0.5599027872085571
0.5323118567466736
0.48181313276290894
0.5058042407035828
0.6820325255393982
0.550247311592102
0.4921632409095764
0.588201642036438
0.5485243797302246
0.5152750611305237
0.5396294593811035
0.5842646956443787
0.5801111459732056
0.5565547943115234
0.48211610317230225
0.4683047831058502
0.5006519556045532
0.6132879853248596
0.5430949330329895
0.5086156725883484
0.5273285508155823
0.5285260677337646
0.5238725543022156
0.4655284583568573
0.602631688117981
0.5433464050292969
0.5121629238128662
0.44787031412124634
0.5553119778633118
0.5876505374908447
0.622103214263916
0.5653814077377319
0.5637378096580505
0.5218303203582764
0.608417272567749
0.5068742036819458
0.53944331407547
0.6507174372673035
0.6547507047653198
0.619987964630127
0.5578901767730713
0.5245983004570007
0.5493106842041016
0.4860613942146301
0.5467221736907959
0.49660563468933105
0.5419471859931946
0.46949610114097595
0.4225117266178131
0.4803743362426758
0.5783371925354004
0.5686804056167603
0.586719274520874
0.5219734311103821
0.5454738140106201
0.4567815363407135
0.49783551692962646
0.47068315744400024
0.5209648013114929
0.5132913589477539
0.48819848895072937
0.4938676953315735
0.4850921928882599
0.44869300723075867
0.4487920105457306
0.4208221435546875
0.5064741373062134
0.5606530904769897
0.5795329213142395
0.5297821164131165
0.4551675617694855
0.4658111035823822
0.5164231061935425
0.521604597568512
0.4393690824508667
0.49006080627441406
0.5576143264770508
0.5763210654258728
0.49330660700798035
0.43068012595176697
0.4643189609050751
0.5095006823539734
0.5284057855606079
0.5729648470878601
0.453049898147583
0.3740195333957672
0.5146737694740295
0.5141963958740234
0.46867966651916504
0.47468364238739014
0.479098379611969
0.4950353503227234
0.5581462383270264
0.42399269342422485
0.4362623393535614
0.5052011013031006
0.49548614025115967
0.5949172377586365
0.6082658171653748
0.5793336629867554
0.6472374200820923
0.5859301686286926
0.42004474997520447
0.4953371286392212
0.3987506628036499
0.4714914560317993
0.5287174582481384
0.4027860462665558
0.49331721663475037
0.46852365136146545
0.46700337529182434
0.4890643358230591
0.5030019879341125
0.47994640469551086
0.4767811596393585
0.4556850790977478
0.4728461503982544
0.3907310664653778
0.48307862877845764
0.4386173486709595
0.44700512290000916
0.5465222597122192
0.5883788466453552
0.4121275544166565
0.536775529384613
0.5005072951316833
0.5215891003608704
0.4938727021217346
0.4043578803539276
0.46784886717796326
0.4190816879272461
0.5234251618385315
0.445762038230896
0.4089812636375427
0.5498265624046326
0.504691481590271
0.42764633893966675
0.4511728584766388
0.49024030566215515
0.5915698409080505
0.4807787537574768
0.49294617772102356
0.5374196171760559
0.4858071208000183
0.4434857666492462
0.5727987885475159
0.5987879037857056
0.5451797246932983
0.515914261341095
0.5386549234390259
0.5702758431434631
0.5166767835617065
0.4663819372653961
0.610073983669281
0.6272660493850708
0.483539342880249
0.5158974528312683
0.49800342321395874
0.4066828787326813
0.4837099611759186
0.4651084244251251
0.5306435227394104
0.5190950632095337
0.5053874850273132
0.4739212989807129
0.49198660254478455
0.5825724005699158
0.43550315499305725
0.5219278335571289
0.5049054622650146
