0.2506953775882721
0.18341690301895142
0.18087711930274963
0.18559354543685913
0.25128811597824097
0.28100940585136414
0.23300860822200775
0.25844883918762207
0.27818217873573303
0.2587162256240845
0.32172948122024536
0.28348132967948914
0.24154070019721985
0.2872515618801117
0.30272361636161804
0.3108910620212555
0.26672279834747314
0.3044743239879608
0.3278104364871979
0.3133593201637268
0.3052310049533844
0.2863469421863556
0.3243332803249359
0.35861897468566895
0.32086247205734253
0.3461180329322815
0.3169165849685669
0.31407272815704346
0.3437535762786865
0.3550264835357666
0.36050912737846375
0.34997114539146423
0.34083056449890137
0.3376426100730896
0.31723833084106445
0.3186992108821869
0.2822664976119995
0.32444366812705994
0.3882059156894684
0.3585396409034729
0.3019822835922241
0.3359040319919586
0.2916836142539978
0.3431214988231659
0.3032238185405731
0.3422301709651947
0.31389784812927246
0.35706204175949097
0.2577258050441742
0.30807945132255554
0.3315254747867584
0.28157952427864075
0.3294598460197449
0.31373482942581177
0.28513360023498535
0.303122878074646
0.2815743684768677
0.25765496492385864
0.35284367203712463
0.34604570269584656
0.320526659488678
0.35175228118896484
0.3279891312122345
0.356174111366272
0.34023985266685486
0.33464935421943665
0.3005581200122833
0.3185860812664032
0.36120307445526123
0.36796948313713074
0.3030718266963959
0.2688833773136139
0.2829533815383911
0.27131232619285583
0.2728210985660553
0.2611248195171356
0.33351996541023254
0.32888564467430115
0.2959481179714203
0.27967655658721924
0.2636551558971405
0.32421350479125977
0.2591756284236908
0.27501437067985535
0.3160918056964874
0.2632562816143036
0.3372604548931122
0.3691505193710327
0.32419151067733765
0.29817748069763184
0.3172869086265564
0.3713133633136749
0.38292431831359863
0.2653629779815674
0.38931185007095337
0.30705082416534424
0.36066439747810364
0.3410162031650543
0.28319016098976135
0.3546416461467743
0.31970205903053284
0.3925733268260956
0.34704533219337463
0.4030536711215973
0.31638893485069275
0.3761860132217407
0.2330283224582672
0.31441161036491394
0.36841338872909546
0.3791583776473999
0.36728501319885254
0.38057148456573486
0.35151585936546326
0.3444306254386902
0.380549818277359
0.37774658203125
0.34410351514816284
0.3684621751308441
0.3724702298641205
0.34705567359924316
0.371165007352829
0.3402097523212433
0.3276851177215576
0.3428173065185547
0.3747512400150299
0.36267179250717163
0.3118571639060974
0.35508841276168823
0.30704444646835327
0.35324621200561523
0.3230375051498413
0.37951675057411194
0.40357640385627747
0.3380982577800751
0.29361167550086975
0.32400956749916077
0.39625829458236694
0.3359606862068176
0.34905481338500977
0.3144398033618927
0.34297144412994385
0.30005308985710144
0.34013596177101135
0.3214743733406067
0.3172406554222107
0.2511766254901886
0.27166062593460083
0.39077457785606384
0.33734628558158875
0.2996216118335724
0.3611578941345215
0.32906320691108704
0.3611232340335846
0.3017507493495941
0.25768986344337463
0.28604888916015625
0.3143243193626404
0.3369780480861664
0.2854725122451782
0.3389565646648407
0.3169458508491516
0.36318647861480713
0.2950005531311035
0.327566921710968
0.34236443042755127
0.2741086483001709
0.2902551591396332
0.31019267439842224
0.31707555055618286
0.2983455955982208
0.33963513374328613
0.3019042909145355
0.3053642511367798
0.33345919847488403
0.3260197937488556
0.3494115173816681
0.3415340185165405
0.3214573264122009
0.35593700408935547
0.29458367824554443
0.2877163290977478
0.3126937448978424
0.3387359380722046
0.32418349385261536
0.3561142683029175
0.35005056858062744
0.3560311496257782
0.3402881920337677
0.3717440366744995
0.3061409890651703
0.2942776381969452
0.28214770555496216
0.3085273504257202
0.3295842111110687
0.30713391304016113
0.3537643849849701
0.34703588485717773
0.3116582930088043
0.36414164304733276
0.33470219373703003
0.3205900192260742
0.34554874897003174
0.3206304907798767
0.26619887351989746
0.2614075839519501
0.31791794300079346
0.3383113145828247
0.29708924889564514
0.3008086383342743
0.349896103143692
0.2891432046890259
0.3313940465450287
0.31323304772377014
0.3532244563102722
0.29791295528411865
0.3251654803752899
0.30877211689949036
0.3222379982471466
0.31987127661705017
0.31674930453300476
0.3252483606338501
0.3195667564868927
0.3552645146846771
0.3057807385921478
0.3498959243297577
0.3113692104816437
0.2858339548110962
0.3010321259498596
0.31434205174446106
0.34129899740219116
0.2972295880317688
0.295089453458786
0.32958880066871643
0.26115328073501587
0.30674952268600464
0.3039892315864563
0.30247926712036133
0.32213643193244934
0.2982414960861206
0.3002643883228302
0.3231510818004608
0.2813822329044342
0.28654399514198303
0.2984697222709656
0.3209957480430603
0.29804712533950806
0.35748159885406494
0.292883038520813
0.31575047969818115
0.29045993089675903
0.30275577306747437
0.2347216010093689
0.28681203722953796
0.26400095224380493
0.282171368598938
0.31954553723335266
0.2981809973716736
0.2781710624694824
0.3226338326931
0.33868637681007385
0.24782495200634003
0.28594809770584106
0.2961804270744324
0.22532476484775543
0.2937551736831665
0.319786012172699
0.32055985927581787
0.30864620208740234
0.3574417531490326
0.3294398784637451
0.2717171907424927
0.3030346930027008
0.33519402146339417
0.32877814769744873
0.29510021209716797
0.3127078413963318
0.38107267022132874
0.3446505069732666
0.29113849997520447
0.40911510586738586
0.43122443556785583
0.3900369703769684
0.42624497413635254
0.35186710953712463
0.36295923590660095
0.38653233647346497
0.4014274775981903
0.36523595452308655
0.42892223596572876
0.33849290013313293
0.33348074555397034
0.4013359546661377
0.4538904130458832
0.36803919076919556
0.3950936794281006
0.36327287554740906
0.37285560369491577
0.3434128761291504
0.4459794759750366
0.4535196125507355
0.47571831941604614
0.4254020154476166
0.46153566241264343
0.4091271460056305
0.4143514335155487
0.4196465015411377
0.44699960947036743
0.47220221161842346
0.44272610545158386
0.5026288628578186
0.4322127401828766
0.4332343637943268
0.40598246455192566
0.39468109607696533
0.4160257875919342
0.37725794315338135
0.38542458415031433
0.4542308747768402
0.3722541332244873
0.4258973002433777
0.41941308975219727
0.4503878653049469
0.39623942971229553
0.3699255585670471
0.4354993402957916
0.43736129999160767
0.41520625352859497
0.42490285634994507
0.4431479275226593
0.3692404329776764
0.4140535295009613
0.44179078936576843
0.38297951221466064
0.39933159947395325
0.41155803203582764
0.4046661853790283
0.42454591393470764
0.3641710877418518
0.38800838589668274
0.4333161413669586
0.3572849631309509
0.37785831093788147
0.40545445680618286
0.4508291184902191
0.36755138635635376
0.41690370440483093
0.40889155864715576
0.423386812210083
0.4003809988498688
0.3614218533039093
0.40308043360710144
0.3954794406890869
0.45808783173561096
0.4490129053592682
0.4321303069591522
0.4592036306858063
0.4524708092212677
0.3621605932712555
0.4251278042793274
0.4191579222679138
0.4087541997432709
0.4200488030910492
0.3879375159740448
0.37747085094451904
0.40556925535202026
0.3553348779678345
0.3641645610332489
0.4705628454685211
0.44409745931625366
0.41878002882003784
0.42384397983551025
0.4086277186870575
0.3996632993221283
0.4169652462005615
0.43848252296447754
0.49270308017730713
0.39602532982826233
0.34792324900627136
0.408241331577301
0.4126744568347931
0.39143094420433044
0.44219523668289185
0.41158026456832886
0.4598711133003235
0.3654988706111908
0.4433208703994751
0.4590145945549011
0.39917320013046265
0.393853098154068
0.4198233187198639
0.34548282623291016
0.407832533121109
0.4183228015899658
0.35830941796302795
0.4066908657550812
0.38338708877563477
0.38081926107406616
0.45561057329177856
0.3697585463523865
0.34767958521842957
0.2885255217552185
0.3543354868888855
0.3843514323234558
0.35526242852211
0.344028502702713
0.3749854862689972
0.4072897434234619
0.435398131608963
0.4169597923755646
0.3927975594997406
0.36457929015159607
0.3202435374259949
0.3107864260673523
0.3286272883415222
0.31474411487579346
0.36408093571662903
0.31006544828414917
0.374526709318161
0.28380414843559265
0.3358039855957031
0.3082563281059265
0.3108898103237152
0.31824105978012085
0.3753195106983185
0.26543912291526794
0.3074285686016083
0.3969721794128418
0.34519708156585693
0.2926160991191864
0.3371722996234894
0.285409152507782
0.33089685440063477
0.3030816614627838
0.2970379590988159
0.32554036378860474
0.3353945314884186
0.3206753432750702
0.2829899191856384
0.3056480288505554
0.280705988407135
0.27156656980514526
0.32719093561172485
0.24336788058280945
0.3205030560493469
0.3036513328552246
0.29854878783226013
0.27845656871795654
0.26931363344192505
0.26267531514167786
0.2926665246486664
0.35238075256347656
0.3469846844673157
0.31057772040367126
0.30410557985305786
0.28978103399276733
0.2994135618209839
0.2974025011062622
0.32496681809425354
0.3297090530395508
0.3174920380115509
0.312794953584671
0.3174035847187042
0.34268108010292053
0.3346794545650482
0.29549235105514526
0.3280999958515167
0.26360780000686646
0.30954110622406006
0.29461470246315
0.32691237330436707
0.2954895794391632
0.27571383118629456
0.3145347535610199
0.27399125695228577
0.2618274390697479
0.2969101071357727
0.3353842794895172
0.32790014147758484
0.346883088350296
0.4154159426689148
0.3170158565044403
0.23511113226413727
0.3150552809238434
0.26001912355422974
0.3168773055076599
0.2947068214416504
0.30707958340644836
0.3337261974811554
0.35503581166267395
0.34376952052116394
0.3537556827068329
0.4016492962837219
0.3548985719680786
0.2989581227302551
0.3139984607696533
0.2975194454193115
0.3311130404472351
0.22742320597171783
0.32557305693626404
0.308904230594635
0.30616527795791626
0.32791435718536377
0.3603207468986511
0.3528081774711609
0.27148303389549255
0.2609570026397705
0.3338891267776489
0.3541763126850128
0.33095911145210266
0.33327704668045044
0.3113541007041931
0.2814689576625824
0.28207606077194214
0.34572577476501465
0.31948840618133545
0.29674771428108215
0.32973018288612366
0.3147532045841217
0.32570454478263855
0.35293468832969666
0.31414616107940674
0.35129353404045105
0.3391451835632324
0.3310368061065674
0.3701492249965668
0.33541348576545715
0.34494367241859436
0.3365679681301117
0.3771360218524933
0.3699006140232086
0.2669963538646698
0.2878010869026184
0.364949494600296
0.3295418918132782
0.34661877155303955
0.3248647153377533
0.350708931684494
0.3575010895729065
0.3257599472999573
0.42420291900634766
0.34570008516311646
0.3095143735408783
0.3198202848434448
0.3882405757904053
0.3000810146331787
0.3536168336868286
0.3422752022743225
0.35866203904151917
0.31078818440437317
0.3150911033153534
0.2810073494911194
0.3570024073123932
0.41428661346435547
0.3196788430213928
0.3418523669242859
0.3334827423095703
0.28932785987854004
0.3536030054092407
0.36176544427871704
0.29829150438308716
0.30438002943992615
0.3311466872692108
0.3326931595802307
0.32403942942619324
0.2776390016078949
0.3620055019855499
0.33040595054626465
0.3297598361968994
0.3278224766254425
0.3442937433719635
0.2929423749446869
0.32764285802841187
0.37802448868751526
0.3185407221317291
0.31055697798728943
0.3329380452632904
0.29916805028915405
0.2989046275615692
0.37371882796287537
0.3138224482536316
0.31580936908721924
0.2525763213634491
0.23446351289749146
0.32026511430740356
0.33981767296791077
0.2776970863342285
0.3347774147987366
0.3253961503505707
0.3389042615890503
0.26823320984840393
0.32830479741096497
0.3330030143260956
0.3699302673339844
0.412268728017807
0.2788299024105072
0.2637461721897125
0.3488032817840576
0.41717132925987244
0.3509453237056732
0.30955368280410767
0.3479442894458771
0.3796611726284027
0.3144172430038452
0.3147416412830353
0.34516656398773193
0.33870959281921387
0.34613651037216187
0.29760193824768066
0.37016981840133667
0.35844922065734863
0.3552262485027313
0.34227508306503296
0.3383886516094208
0.305121511220932
0.302390992641449
0.31483447551727295
0.3591451048851013
0.29041528701782227
0.36174070835113525
0.3549571633338928
0.34789982438087463
0.34707099199295044
0.3372388780117035
0.3613666892051697
0.3188292980194092
0.325837641954422
0.3110191524028778
0.34666386246681213
0.294883131980896
0.3031783998012543
0.2869779169559479
0.28709927201271057
0.32371169328689575
0.31766781210899353
0.2811773121356964
0.29092472791671753
0.31883013248443604
0.3289414346218109
0.3102542459964752
0.3331352174282074
0.2948545813560486
0.35041508078575134
0.2854582667350769
0.3762966990470886
0.32811403274536133
0.33248597383499146
0.31091639399528503
0.3284173905849457
0.3569903075695038
0.3016403019428253
0.33100682497024536
0.38369467854499817
0.32105833292007446
0.290153443813324
0.2948946952819824
0.34724175930023193
0.34101900458335876
0.3036435842514038
0.32323405146598816
0.3532504737377167
0.3214770555496216
0.3574281632900238
0.35860270261764526
0.3093244731426239
0.3621441423892975
0.2933221161365509
0.3267580568790436
0.32135921716690063
0.33688679337501526
0.3305966556072235
0.3143901824951172
0.32445061206817627
0.3822427988052368
0.28535857796669006
0.27069270610809326
0.371046245098114
0.3406764268875122
0.389181524515152
0.34033653140068054
0.30774685740470886
0.3323202133178711
0.36957842111587524
0.3738733232021332
0.29030799865722656
0.3462839722633362
0.3820599615573883
0.40215420722961426
0.3570767045021057
0.41854462027549744
0.3560185730457306
0.35319820046424866
0.36008986830711365
0.3706474304199219
0.41005823016166687
0.34307923913002014
0.33844825625419617
0.34291133284568787
0.39502426981925964
0.39167532324790955
0.4122927188873291
0.42184531688690186
0.4032401442527771
0.4114174246788025
0.42858898639678955
0.41800859570503235
0.39566242694854736
0.44037139415740967
0.3848438858985901
0.39112600684165955
0.38416001200675964
0.36498260498046875
0.4070711135864258
0.39910343289375305
0.29569247364997864
0.41891589760780334
0.3090065121650696
0.3727225065231323
0.3367732763290405
0.38744428753852844
0.34598642587661743
0.3702894151210785
0.3323887884616852
0.35986217856407166
0.3640836775302887
0.35348767042160034
0.3764913082122803
0.4356272220611572
0.34056100249290466
0.35888946056365967
0.3664887249469757
0.39256393909454346
0.37770876288414
0.40047091245651245
0.3881740868091583
0.4346972405910492
0.42376410961151123
0.3503827452659607
0.33080440759658813
0.3743319511413574
0.35338878631591797
0.2990821599960327
0.3350643515586853
0.29007279872894287
0.3913640081882477
0.3531220853328705
0.3307510018348694
0.3774588108062744
0.41203105449676514
0.3137637674808502
0.27713173627853394
0.3708503842353821
0.33901330828666687
0.39384111762046814
0.3833172619342804
0.4042746424674988
0.37558701634407043
0.37098458409309387
0.3307587206363678
0.32066816091537476
0.325379341840744
0.3441031873226166
0.3868386745452881
0.3416890799999237
0.41121262311935425
0.36306580901145935
0.3808337450027466
0.3204493224620819
0.37721917033195496
0.38069483637809753
0.3547402322292328
0.4056827127933502
0.37237271666526794
0.3350238800048828
0.40647268295288086
0.3410792350769043
0.3533923327922821
0.30299460887908936
0.35784852504730225
0.3640058636665344
0.3684930205345154
0.33105093240737915
0.41464245319366455
0.30453556776046753
0.3834514319896698
0.39638835191726685
0.3738635778427124
0.43488621711730957
0.40050169825553894
0.36490151286125183
0.39627403020858765
0.3287269175052643
0.40126660466194153
0.3101271688938141
0.3085593283176422
0.36474695801734924
0.4086502492427826
0.3884132206439972
0.35225817561149597
0.3369895815849304
0.401864618062973
0.35837119817733765
0.3805444538593292
0.3758455812931061
0.36429500579833984
0.37584516406059265
0.38958612084388733
0.37646350264549255
0.36722034215927124
0.3151194155216217
0.36920514702796936
0.3897370398044586
0.31325197219848633
0.35248109698295593
0.3694286346435547
0.3761390149593353
0.3170453608036041
0.41645780205726624
0.37360459566116333
0.3464311957359314
0.3527269661426544
0.3311547636985779
0.4103514850139618
0.3343314826488495
0.36174237728118896
0.3602222204208374
0.4289688766002655
0.3634861409664154
0.34123119711875916
0.3186474144458771
0.35546594858169556
0.3641100525856018
0.42922845482826233
0.37658461928367615
0.37410658597946167
0.3169439733028412
0.3520747423171997
0.40454021096229553
0.42129242420196533
0.3613307476043701
0.3692730963230133
0.3994556963443756
0.37297502160072327
0.39290812611579895
0.3789237439632416
0.4213285744190216
0.39060521125793457
0.45170891284942627
0.3914802074432373
0.40116235613822937
0.35818958282470703
0.3545912802219391
0.42350488901138306
0.40011873841285706
0.387826532125473
0.3124880790710449
0.3318517208099365
0.3785436153411865
0.36281782388687134
0.3525813817977905
0.40150657296180725
0.33316606283187866
0.35304591059684753
0.422652930021286
0.37147897481918335
0.3443138003349304
0.3782779276371002
0.3769034445285797
0.34964069724082947
0.359811007976532
0.3433593511581421
0.4008094370365143
0.3905041813850403
0.3447491526603699
0.3618283271789551
0.4446490705013275
0.4014391601085663
0.44260960817337036
0.4043915271759033
0.40577152371406555
0.3594418466091156
0.35467931628227234
0.434982031583786
0.38965147733688354
0.36883875727653503
0.35528403520584106
0.4001948833465576
0.362667977809906
0.39137834310531616
0.4007689654827118
0.44463372230529785
0.4286693334579468
0.37426137924194336
0.3481553792953491
0.3896509110927582
0.4332634210586548
0.3838040232658386
0.2832867503166199
0.344383180141449
0.3747556507587433
0.34814518690109253
0.34595414996147156
0.37489503622055054
0.3704491853713989
0.3513645529747009
0.3692456781864166
0.37233656644821167
0.31756389141082764
0.4177183508872986
0.3586103022098541
0.2843744456768036
0.3387675881385803
0.3477814495563507
0.4037630259990692
0.45391231775283813
0.35436126589775085
0.35053321719169617
0.3718210458755493
0.3965792953968048
0.3711824417114258
0.3671764135360718
0.37029245495796204
0.3497995138168335
0.40357866883277893
0.434719443321228
0.3835234045982361
0.38527628779411316
0.394583523273468
0.3141044080257416
0.34368565678596497
0.38810089230537415
0.35425835847854614
0.4146813452243805
0.37153875827789307
0.38707783818244934
0.37555405497550964
0.3707725405693054
0.32089442014694214
0.2851550877094269
0.3372851014137268
0.3849717378616333
0.3606247305870056
0.35931578278541565
0.360465943813324
0.3700404763221741
0.39634138345718384
0.4269767701625824
0.41598209738731384
0.4026469886302948
0.32108762860298157
0.3713749349117279
0.38378816843032837
0.33729156851768494
0.35169145464897156
0.37658587098121643
0.38406169414520264
0.39296573400497437
0.35873597860336304
0.3483228087425232
0.3882368206977844
0.3904202878475189
0.3463352918624878
0.33684787154197693
0.3907097280025482
0.3180959224700928
0.3349197506904602
0.3381611704826355
0.32682564854621887
0.3514499366283417
0.3906465470790863
0.37751534581184387
0.3031500279903412
0.3469725549221039
0.332554429769516
0.3407540023326874
0.34180110692977905
0.34848833084106445
0.31462106108665466
0.32694369554519653
0.3577894866466522
0.3564024567604065
0.4037049114704132
0.3244984447956085
0.36843743920326233
0.35966938734054565
0.37098705768585205
0.2993635833263397
0.37267518043518066
0.39428624510765076
0.3373914957046509
0.33535945415496826
0.28177356719970703
0.3581921458244324
0.3329070508480072
0.3763354420661926
0.3386639356613159
0.28012898564338684
0.28963661193847656
0.36273393034935
0.33082103729248047
