0 6.214042595643012 4.063884197174076 5.533770665172486 4.831112262397466
1 7.408014492467964 4.756619585306311 5.876484150433298 4.651999741721054
2 6.90458650851481 4.206535142153227 5.751435059835462 5.528004649175619
3 6.512241239682731 4.471268983398217 5.514335050052173 6.040374393702551
4 6.438450827959548 4.251350519322008 5.284710176311149 4.5847803644685285
5 7.143142511003971 4.3529972244315855 5.361062893081139 5.333751034855775
6 6.385031112690319 4.463773476984563 5.897164696013893 4.966526434700075
7 6.458765240033135 4.415203074680829 5.7243711856479855 5.6576313511182805
8 7.17745184287795 4.43115355737618 5.612596784402367 6.707802413588471
9 6.220374251383451 4.2116558524868175 5.635612092744739 6.526596392888147
10 6.357900025399085 4.394370276607928 5.5558815359510225 6.969073246651401
11 6.239800891839212 4.568659136671623 5.559044378420904 6.853850208908533
12 6.50359865352262 4.536273071367592 5.611152509895935 7.021076535836053
13 6.862205444115403 4.599524636849395 5.631011690794524 6.79014308928059
14 5.842899795259495 4.568491625557518 6.004049637491011 6.670233441695712
15 5.997016944273922 4.487035563045232 6.002106745263459 6.7844373715492265
16 6.083177815407983 4.138544150929344 5.529501964039488 6.150188847006284
17 6.552763939125786 4.225476203056985 5.515724794472249 7.156170577960752
18 6.883426944001085 4.956798928664777 5.713534659286626 6.76568230394635
19 6.655871107303907 4.24633755922174 5.495540526015526 7.835744244643274
20 6.8476239211488865 4.495517582282291 5.651422814720813 7.169251551833514
21 6.185358836270855 4.281807782649521 5.74811892618897 6.9794662970942705
22 6.192636039334902 4.275712189638337 5.728192102741229 7.04453075948092
23 6.596093435548425 4.227257356800804 5.4172529694889775 6.228506496777179
24 7.419657747017764 4.731513614841368 5.4086338346362615 7.147353936776249
25 6.534694447684726 4.462310125101508 5.7543303713701155 6.034909024503388
26 5.817099821920099 4.351324865347132 5.8598304874077956 6.894159339854304
27 6.308881719112352 4.689060161097934 5.68131029856474 5.969610028702968
28 7.6052667160621805 4.546309850389286 5.790420670476095 7.171516957558654
29 6.660553312403864 4.271162438657616 5.70982992776136 6.4612172170813835
30 6.037810891582963 4.698621001389998 5.844976464753236 6.145682938781868
31 6.152038253255943 4.345712599838732 5.840016726494809 6.879232553578201
32 6.2056230660527545 4.300817644283625 5.906216452481127 7.13368223206318
33 6.3419629659203745 4.277304827637629 5.7123619766764016 7.084516923514992
34 6.198108431472685 4.390818218726525 5.683403619303321 6.34190587889976
35 6.415517577402756 4.605241843206906 5.821914639703876 7.0214367633939085
36 7.092652174499178 4.79596941994819 5.654060257846363 6.7857736261204
37 6.21388825660234 4.1150092346181335 5.737605888434754 7.212382258517921
38 5.899031136740645 4.2476972655615315 5.558996309571711 6.474015112569884
39 6.296895520697786 4.183747794341408 5.698207096454687 6.796906018676732
40 6.034191272760997 4.443219224484889 5.442545480935268 6.669172143420168
41 6.277669288875267 4.422151981566364 5.827004965665227 7.331474828591688
42 6.709326013360855 3.9740430384483156 5.556644555483168 6.7879200224068095
43 7.542641886921723 4.848255137833227 5.8296267597319025 6.7678597381890855
44 6.20448520226617 5.299327711208098 5.9137971131107845 6.893128947315581
45 6.01349474521523 6.404406865274423 6.425826218907428 6.598219134880425
46 5.92899514482087 5.855178199100794 5.826206070101346 6.964868021436179
47 5.235760657247345 5.860525654225456 6.343422471014882 6.752051369842493
48 6.478491408542046 5.150403405918174 5.873088311603732 7.095079421641746
49 5.79682718712136 5.695070554192614 5.906339892359894 7.408210465976739
50 6.351450139943481 5.186721144618227 6.07314682349573 7.585985732201546
51 7.109812876131014 5.207160872349837 5.954241221780342 7.984185250606954
52 5.98393485708344 5.578364886144036 6.1263795068298545 6.992288454480422
53 6.3032714630658155 5.3884638896499615 6.1033466539932695 6.889719720796836
54 6.105330685593541 4.613112155575904 5.795735053223373 7.269538686783563
55 6.0889067875532765 5.360608708331669 5.90293302044878 6.561031210801816
56 6.076523424186127 5.190023301159876 6.208836931744608 6.754518518360761
57 5.843225288518426 4.1004054012752595 5.918514454552631 6.744029721371614
58 6.471170001312995 4.372079357861329 5.558856669064743 6.755432577047193
59 6.296909245331056 4.567862052985166 5.89574182493531 6.689663710595897
60 6.282513157577266 4.211813828325483 5.645404403385664 6.221780055803925
61 6.442306223525531 4.393672399428424 6.001092890148588 7.0115492217169955
62 6.025428711097045 4.3722244566712325 5.68182410907348 7.063138920651281
63 6.491215238722758 3.918773774917698 5.4495753049829885 7.113466429422879
64 6.459502274534519 4.562831020984557 5.597542523465916 6.768165107179315
65 6.131682990545245 4.342943210010513 5.596907145963788 6.641460875317257
66 5.961160439300275 4.398093720639592 5.750417912062146 6.870950270823871
67 5.9958593450908655 5.0573719734200555 6.219847385745566 7.13733803594244
68 6.141617618385831 4.225869238756683 5.776061244910338 6.844123857978836
69 6.574012557202669 4.469452908422938 5.6249104196344835 6.722140834892228
70 7.173605445211382 4.267350381006701 5.731655286033391 6.945482007568322
71 5.937891134505729 4.119082180254991 5.525333572532038 7.051680750457582
72 6.249799970495251 4.979748150829679 5.683368154278206 7.197845348208703
73 5.967212461182128 3.9048712193722364 5.440294762854314 7.119951372433856
74 6.222350684069517 4.098743053796455 5.602863846368656 7.341566630890881
75 5.617010366570851 4.208649551391161 5.676995007137599 6.498072631670689
76 6.168058245700097 4.364773263251617 5.704622473744606 6.475779101842491
77 5.948897176418805 4.15667808397431 5.7030897178511974 6.735902386395952
78 6.426865532621382 4.3981345691206375 5.449142516143151 6.598394360170727
79 6.251331590504431 4.603826356533612 5.4109187454628795 7.278550209927957
80 5.789869144851106 4.105552694398984 5.746872779655049 6.3082072960919175
81 5.87466503068221 4.433910987999605 5.5587365364119385 6.787563544103739
82 5.88812686105974 4.303128482022535 5.963306440431295 6.815226098934538
83 6.441395298925195 5.466594671466363 6.109896990992225 6.795223744761979
84 6.082781291257562 4.733327874064589 6.209428766716004 6.674090846309103
85 6.319427416276618 5.649116511872366 6.071525156939346 7.250483362206523
86 6.081679770827589 5.222240191949104 5.99685828574573 6.626092746392561
87 5.8329453861765925 5.513050739710108 5.789515071541687 6.760906821906156
88 5.756924327016354 6.624257968287959 6.330140609931343 5.72600034974587
89 6.007139830021128 5.181576120790303 5.834834149878055 6.9667224761481785
90 5.940316264819007 6.414236748274654 5.870700979995405 4.908962367490064
91 6.0387468501691 4.923061291357083 6.180260587454227 6.958324187404365
92 5.7993451604353625 5.536725607866566 6.088599189633085 6.811989189775607
93 6.328159850128172 5.172837310442272 6.01267468020506 7.224143807519569
94 5.677610712058194 6.280918754561582 6.389566414210569 5.606292599981692
95 5.965922583751025 5.214670982451294 6.341343612615718 7.664184379117144
96 5.604130882256448 5.8708102081424025 5.916716796988828 6.590424766186383
97 5.919948660054301 5.975592002215996 6.198686437239879 6.684075088346616
98 6.525807173980043 5.339091575867713 5.732535652672161 6.637660443291824
99 5.996808884451766 5.650433077327203 6.314760322121638 6.330310225598905
100 5.545917829524854 6.061282460550964 5.992490594203938 6.198152219802003
101 6.133856936699592 5.608397932838734 6.111988845554386 6.7922865393026575
102 5.621512144025403 5.9866092399889475 6.21332142407402 7.173427085223948
103 6.2149837727362645 7.150213367663523 6.481105619169222 6.6905772392298815
104 5.660775760494473 6.070238564886736 6.145319172322058 6.082026942282022
105 6.633793828269567 6.3121345923131935 6.30154379550553 6.433765095913027
106 6.111354681237347 6.531762404176378 6.581554848796417 6.772252806288153
107 4.794773851073583 5.648828814924812 5.809613575833611 6.303495925252577
108 5.899167733776782 6.042055655428324 5.7624673428898125 5.849718217784197
109 5.314863067526177 5.461134924821838 6.124802909649425 6.51823021693652
110 6.217320335633451 5.520150804090104 6.137170026363157 6.660601426729565
111 6.0028370673385565 4.705238069944837 5.907934094537086 7.291706661713121
112 5.987853035438275 5.329853697229483 6.070171619134075 6.841609715221873
113 5.650280795121477 5.3010265085703 6.065842084354579 6.578375836676776
114 5.865881284201345 5.624715965094898 6.156925229141521 6.929618755189197
115 5.756691550040407 5.738385041633771 6.016860044577882 6.188601876504459
116 6.00354810663562 6.2755461968769595 6.347755836078165 6.864199867664262
117 6.6137004016837455 5.36350853010985 6.070439950447536 7.336366113274031
118 5.72767954564754 5.390773858179139 6.047072061876444 6.666357124080993
119 6.581174520167535 5.799321730670591 6.095275103753922 6.977841614324799
120 6.206399528992119 5.640235883532008 6.088958538298049 6.169762563039624
121 6.17737309103504 6.42222785887171 6.5149349186212 6.691100459776404
122 6.64156831542134 5.429553644698797 5.8249917902679025 7.277246618372278
123 6.015860790034433 5.793421748122148 6.286615636195144 7.315278008990372
124 5.648090710198652 5.74350826127006 5.875407828224682 6.559819090251759
125 6.263484635681344 5.308456875456748 5.896113998046472 6.539318422121636
126 6.2469147635242654 5.921040107480026 6.10445480436542 6.5666217570278995
127 6.005587581627459 5.392020845689376 5.804088804139856 6.781132728478745
128 6.47790678016271 5.072122695193897 5.878954588286606 7.303694456212078
129 6.3707372870475965 4.973248260844302 5.758019550367257 7.097641295441574
130 6.4263142317987025 5.468772443236884 5.831948923013942 6.434370075220911
131 5.7688716151649615 4.483844562071451 5.874269969376605 6.849264171794087
132 5.972834737851794 4.152302464440056 5.89622874535465 6.850323837892366
133 6.070052665874107 4.002006037960167 5.7698576318042045 7.090359815245495
134 6.139041967138215 4.679703599142475 5.689647801268281 6.511317807514638
135 6.083823270883445 4.3088504856620675 5.672895462169659 6.603715814491704
136 6.146197679042399 4.248462918047376 5.848775495051699 7.215937220396282
137 6.366445637280173 4.230708626122585 5.603499260097585 7.2950299235265605
138 5.328714351924183 4.689784689012249 6.028303661123092 6.581107502565022
139 5.711877067345288 4.098032238517434 5.6489324450593985 7.194132416539622
140 6.188821813182855 4.431935977629521 6.248720716436614 6.9839250029860125
141 6.670962525284404 4.0529907949607455 5.608816712023643 6.868723841517831
142 6.9993435655333 4.0540272257101195 5.462701545732694 6.994316859316486
143 5.877559813957973 4.137936524452894 5.495781084192045 6.361881540969604
144 6.405247077031903 4.147188064252965 5.626842510968354 6.833055844227279
145 6.451065294356883 4.749859727202373 5.605490134079968 6.474450022852989
146 6.2693673852867615 4.32932430047915 5.4914116390475 6.658766521908429
147 6.732697415727525 4.022972821889944 5.905581085856435 6.864441508396995
148 6.1751178944739715 4.296944417322489 5.944759880738957 5.682388520998304
149 6.772208502341855 4.485042199125692 5.575837400311851 6.121801372374041
150 6.275621025304292 4.640686436597235 5.864577965578201 6.832217907540496
151 6.085051874866793 5.73197843622263 6.101546293418741 6.784896125849624
152 6.117308318580785 5.620206932328045 6.227923838944767 6.644281671707585
153 5.81103592835103 4.650487345672232 5.5578971224848885 6.457466483593319
154 5.684591100070557 4.849975942876199 5.900875723415691 6.70586119508999
155 6.416985608306293 4.672128956830763 5.6167282360865105 6.50737230163646
156 6.8362409972385905 4.400951690403975 5.493858929557896 6.6180209787299145
157 6.009634205464372 3.8209884894255612 5.6025387748770985 6.515680714013736
158 5.813922419550347 5.071106967239397 5.5351505130759495 6.934760391924178
159 6.383407571815575 4.517515813785555 5.69295882721534 6.468936900562709
160 6.341355917263898 4.860485278783359 5.822046956730284 6.403335414877531
161 6.7510528042345985 4.10943725815961 5.557556292256107 7.283159670735365
162 5.333287259601612 4.397470180391871 5.647376433772628 6.376173268897416
163 6.381244165099966 4.442085380715731 5.780733617165704 7.0964823373796335
164 6.107004578690843 4.596770445639781 5.894533325728724 6.432379596453928
165 6.157466514486393 4.238197876759589 5.548487713061898 6.515577853091733
166 6.327332717889776 4.578566618202255 5.456510233784314 7.036182381000059
167 6.312511350780925 4.001974970912447 5.707249033444166 6.971463453578998
168 6.362189110442675 4.173208048005828 5.944538772046829 6.890681918042267
169 6.498510456421976 4.195100377056055 5.816310302448761 7.15012516564642
170 6.088799213231747 3.9629594516519155 5.63115270584931 6.760628868523048
171 5.977712131318417 4.362965879223672 5.6383794944269905 6.640654195997958
172 6.35333470452141 3.8666835206563843 5.289739813944112 7.128363152662704
173 6.108658219658887 4.777175756259842 5.822357688072529 6.991666820434579
174 6.750023915051781 4.362099995445071 5.536226597027044 6.469728521691163
175 6.329608477169514 4.443213714279385 5.782082149797602 6.808151773126309
176 6.78020655550802 4.211335844283085 5.403702607830448 7.343256915837593
177 7.048905798888774 5.147590909196415 6.04610387329453 7.04123555693079
178 5.9074863479257065 4.553609198484854 5.8603918536454245 6.846228813250552
179 6.022810144362276 5.208061604850312 5.725502990783436 6.795869155217299
180 6.206291626419761 4.216195936149479 5.70060710435214 6.791811004755903
181 6.102129347799309 4.3902667699324205 5.890898009812413 6.457166984187627
182 6.9245165034761165 3.9474745644204 5.393884512967724 7.040493681966407
183 5.942385107990339 3.9701530990227867 5.671205220064441 6.465992465341174
184 6.649800131462681 4.289702692463354 5.743368278153183 6.779569632905774
185 6.803577293990514 3.96667971024455 5.599416639139847 6.495514775558075
186 5.967753871154086 4.065790973500416 5.4473390795268655 7.221009297995801
187 5.586154909451047 4.320930805590837 5.422234663086763 6.951276661523924
188 6.060137940460152 4.334859337668863 5.808345004590453 6.48334141229699
189 5.079066047196946 4.564287929980517 5.729985397098345 6.596577794968035
190 5.381051182318394 4.185806184464789 5.358572843753574 6.600620170158049
191 5.870334159356809 3.9023281654431052 5.641051638171973 6.576781330049206
192 6.746263603709299 3.6967068512448287 5.414174935120352 6.646833567693437
193 6.098055692618325 4.452264013338732 5.793376970500681 6.238782294117623
194 7.379971999427452 4.6896001671960486 5.6273897201107035 6.623498246007972
195 6.104217067304486 4.738743753396087 6.043905662526024 6.981648491557737
196 6.1484506096402995 4.176283931667829 5.594536873183991 6.664729207396622
197 6.088627218142187 4.291683187648887 5.664643686638989 7.082687801315646
198 7.402243506258172 4.618912708252984 5.7729621486146785 6.329366016708782
199 6.828209032322718 5.627641806380466 5.6227170666722035 6.796090219827999
200 6.355393630500147 5.33592968104988 6.005571831922313 7.34899171532315
201 6.282571231945198 4.916450023210783 5.957492992830371 7.377473016094949
202 6.516005870643486 4.9960998379969705 6.086448892812422 7.411298391060641
203 6.099487711923693 5.14979047620552 6.120245671976806 6.78286801454593
204 6.264176962383531 5.598997738922707 6.2137003107774245 6.568863184415269
205 6.108794612461372 4.859512955096441 5.8288818724318245 5.987345833145109
206 6.077292070451738 4.797507830160155 5.821058195021421 7.036524362732539
207 6.285811712435865 5.21665659421068 5.8430210576380945 6.321144399933578
208 5.667890654439172 4.574173686268779 6.012901851790412 6.924084570177235
209 6.093533420169462 5.578238749553065 5.931260649225927 6.51660932605827
210 5.601034115850009 5.817902682987399 6.324759423698143 6.986497388863721
211 5.631849495676306 6.279161099636501 6.762424394491135 7.0478575494350215
212 5.935834442319614 6.010815086776471 6.031908657171939 6.8299153258670655
213 6.138455879204111 5.870485716550483 6.128090356383785 7.163995193593993
214 6.111863651028174 6.127448994251772 6.335534406523841 6.674520851845647
215 6.413176726764727 5.5077577500986115 5.917573785367336 6.416380384961575
216 5.902758615781674 5.656561340971666 6.217401024328404 6.16703698138729
217 5.880222169321991 4.90136145743519 5.7632735057421876 6.914357193836611
218 5.732019694124811 6.6095359413093915 6.3785122880838845 5.141252028455339
219 5.871219424444366 4.637516634959091 5.876843684317639 7.039207817040276
220 5.4156540566603475 5.755658283567473 6.173962703742401 6.2705548432332225
221 5.68224464846785 5.039187119921215 6.052112072289571 7.506906256858711
222 6.379932159027992 6.465894118098131 6.118564884379404 7.084079964508899
223 5.847144738330798 6.0152345652539045 6.248277530810662 7.050978344460462
224 6.239300998614519 5.575747930861817 5.815858542768989 6.798927144952415
225 6.177043516129834 6.024928464782617 6.365411583956112 6.256527429596014
226 5.883732967067898 6.0578694786835205 6.038098984202164 6.1683542775278974
227 6.04948621270554 5.547396112724875 6.62609370930749 7.549331313514691
228 5.4281091338890315 6.193747166560361 6.378988400869707 6.090879352539048
229 6.545447709647789 4.868475895709434 6.007981139785717 6.6894202313309865
230 5.9391311461351135 5.383374721076341 6.0340122979881805 6.980092864530281
231 5.768077006780544 5.311093142087082 5.940928788558431 6.559661857714364
232 6.619917547781915 5.065801503454036 5.827356629184113 6.8738796232783015
233 5.953493267862397 5.639183306183521 6.288866597383835 6.607990722938385
234 6.067869633876788 5.464263221103499 5.830692559899995 6.277384605107401
235 5.590893805829836 5.708636582028559 6.335073377592063 6.672319341474335
236 5.813570352350448 5.124914136224528 5.959913509395758 6.914017646919705
237 6.160913844581191 5.43277161462172 5.9949312096170715 6.381554839624979
238 6.064996163885368 5.278031515742693 6.24360018531638 7.658385534395233
239 6.491914906499157 5.043806212226108 5.99330057633112 7.065195553434815
240 5.9288380413945 6.248578761103252 5.8223813654573044 6.460911092231932
241 5.80508277887627 4.638799268042115 6.086341329871738 6.904521508011193
242 6.061921688773758 6.156669919669029 5.860574987769833 7.293356183998164
243 6.22386911570562 5.222397693608709 5.905697002986389 6.912889023640365
244 6.560788894981301 4.830729872948834 5.490952169980174 6.904689839385886
245 6.391911107255131 4.815014467283783 6.006435029593483 7.11061354545901
246 6.031365553323716 6.035348075165567 6.621250556616017 6.732949219404628
247 5.971904802344321 6.932354436733676 6.139810681876371 6.691770315343457
248 6.736101644676734 5.470720937688246 5.90063865588509 7.13876467410982
249 6.313722001986928 5.271267964156549 5.890405246351119 6.517422096532689
250 6.112294455329565 5.442367762334898 5.997389328318946 7.117672656123358
251 6.569105353202032 5.714521950969476 6.265206510166372 6.614473131673673
252 6.033567171253275 6.084691645083653 5.974377317266076 5.745855985473165
253 6.13800748391717 6.103546216212799 5.76012956771615 6.8068284421047665
254 6.397076806882934 5.945677823665421 6.319154093468091 6.658397424228909
255 6.4901958068350325 5.0004336541619585 5.7848998058424685 6.641657043013648
256 5.742508752976665 5.371439019325814 5.764629561738527 7.097607027721367
257 6.170662868722417 5.681409632578168 6.030933864329474 6.9265482581318345
258 5.747322565362701 5.895144151407228 5.875407602349043 6.718137893783921
259 5.972699492251332 5.655960067415106 5.973059077509824 6.735549915870053
260 6.1995669193588405 5.324457433061573 6.094222077942741 6.628939670386628
261 5.221851937427595 6.334221989992262 6.128240237267344 6.650665991762545
262 6.377248903706926 5.28911223960564 5.897474585554606 6.625887485294757
263 5.981098042704713 5.845036516931536 5.826817015909396 6.719196256753998
264 6.009087787349932 5.963699836980764 6.4980782535636905 6.716690067090864
265 6.193722487561147 4.567350773860282 5.641929350291782 6.498777349264219
266 5.9387821223014265 5.80380241705087 6.235357586045413 6.934747603435813
267 5.910187143101306 5.081889269471625 6.132982844188515 7.16859211778984
268 6.106545577297602 5.324470685551461 5.7811964821294515 6.604916949813303
269 6.460162519597985 6.22065970788692 6.184394743036846 6.911679072644402
270 5.641842241843632 5.195149093753044 5.964513643456512 6.40563578919697
271 5.953585639651756 5.1945576724234925 5.812555192799395 6.896066683602282
272 5.825388443099885 5.133495771281418 6.441833359448084 6.844352993711226
273 6.159532021038964 4.4129728059364615 5.638635589909985 6.505538222793483
274 7.171818570228689 4.257099615349554 5.680305394473304 6.979051432152908
275 6.343818288463395 4.015076308566563 5.968970289329813 7.452796266006734
276 6.730391933259612 4.761827000308152 5.695432933514951 6.88913618575282
277 6.7737169982083945 4.3787656883490085 5.676790724664432 7.065670967137066
278 5.915832693184796 6.512371710736208 5.9012408308054365 5.49023282746532
279 6.4361630571981046 6.2860840404991825 6.083057896214623 6.243978354862142
280 6.109751264491888 4.902557891646397 5.963612323491838 6.606066672791588
281 6.295171358559122 5.426256612413087 5.9902336575563 6.464127467681517
282 6.138959617298195 4.985524147586524 5.81913136012086 6.109636410845152
283 6.212733550548874 5.578395262280359 6.011402231216295 6.737429916793205
284 6.34875652234444 5.5401003571037695 6.05402468501737 6.626814867928634
285 6.335166180671076 5.4299876553413995 6.061894896012247 7.016318368223882
286 6.280249801083602 4.920079564861425 5.691153266635014 6.525494320565234
287 6.495227432448282 5.741096409660335 6.173431301813024 7.205850380957649
288 6.076300590626213 4.734058868576897 5.652961855322305 6.059736992730905
289 6.557732477807991 5.692195452182478 5.936963832046677 6.676971807380466
290 5.997197778047509 5.324966299450936 6.104711439014216 7.096544940930698
291 5.702761710343608 5.274966881976285 6.248137079648417 7.010878015015687
292 5.902218424810529 6.159238566521284 6.294955413955746 6.982254594225585
293 6.116067661359385 5.151267795385371 6.012021433970843 7.072916957752454
294 6.202854865505235 4.484594795617893 5.821124437953743 6.333824264491915
295 6.140064433306847 5.947293190563903 6.357178516067745 6.914991919312926
296 6.525417517969749 5.433629319442941 5.929722878109155 5.984849702807996
297 6.071581636597354 6.403865232809286 6.098740954030949 6.495016566560466
298 6.178165344602393 5.759906519803136 5.869144311146711 6.5361484738369695
299 6.412607730032949 6.0143035141624415 5.930756923673146 7.688515407706007
300 6.051202213850328 4.702846159153204 5.768885466496493 6.913817830542995
301 5.583956080649111 5.759285934367563 6.120475054892251 6.5872212171811855
302 6.116821057355074 6.392133522293789 6.4170688423820765 6.489853738285474
303 6.080722318590124 6.038510722462934 6.042232341313952 6.658946972835915
304 6.448333139507702 5.414024999726371 5.754577394225964 7.148912958963686
305 6.1350428399341475 4.918049458515627 5.548599136814688 6.642733531454022
306 5.80733545653252 5.3642864454225805 6.442979536181691 6.987429969219754
307 6.543774869426555 5.7467093057491665 6.019606369710383 6.915429341406435
308 6.524405850741449 6.187420566595444 5.947863558469391 6.091270871062331
309 5.768135209056584 6.546206700566556 6.183155618921082 6.487753097559823
310 5.832257333557187 5.639295664444446 6.209553854906839 6.777923774564507
311 5.705724018650089 5.499891075095873 6.393150518242746 6.928725418999918
312 6.136801241391537 5.73580686567729 6.092709929735487 6.677931568541901
313 6.611238926767984 6.561950445140395 6.031010435591638 5.886764778816132
314 6.375920322701476 5.55438010915136 5.980895906446635 7.441838869926061
315 6.00756030666419 4.984094263489879 6.005126342430785 6.896648943729495
316 6.292108228279592 5.860564429550747 6.349943249300627 7.17794034041654
317 6.358634814015184 5.771853752573646 6.436599456212739 7.04132218394385
318 5.842590347579594 5.770893335477012 6.4949717769593605 6.653221981137683
319 5.539370964971611 5.045502412823299 5.87570868802409 6.578753893462766
320 5.642236612994955 5.540413946501615 5.943106128647532 6.735401297646028
321 6.301081095366179 5.928239341124677 5.780063198574694 6.3357888613844935
322 6.0145661455958335 5.792363163120621 5.925494795431185 5.952432386877033
323 6.118167154206108 5.261264248367853 6.0518399195734025 6.985004317232433
324 5.893331998892521 5.63976003969867 6.204024469157274 6.801856271720485
325 5.9031782756316895 6.482253177850607 6.034318724946197 5.757959731679793
326 5.636323901230991 6.507547944502507 6.497302801105236 7.154766181585666
327 5.555029884096671 6.318482245042914 6.579128433461167 7.194769879007288
328 6.135581603196859 6.187081995587202 6.276153108210997 7.092801753185071
329 5.813619931970541 5.678159843044459 6.6350503944756865 6.928591447426887
330 6.077776325406086 5.437124822270589 6.1122365167838595 6.401291075499225
331 5.655216766397324 5.5528398700900965 6.121790952561574 5.750727829016133
332 6.0679652521188405 5.185518318267655 6.011109982792842 7.287733751513696
333 6.770613793949867 5.629707248174764 5.954825199984701 6.750283983573324
334 6.195949725146745 4.631005903178519 5.889303764590023 6.15062268632114
335 5.5971187804394384 6.209876138512083 6.099984011712556 6.093396067983085
336 6.014113803550855 5.601044330730575 5.878322962664373 7.183047500237195
337 5.935994881856548 5.250784896565683 6.337374575685339 6.704772522123806
338 6.051334356096349 5.864083821155544 6.174042473700628 6.764876540066767
339 5.49026578344659 5.411297380565403 5.622003635333658 7.075148491459195
340 6.003721879502309 5.689618360619536 6.019672865818481 6.534237506817651
341 6.3394235941388 4.938979075526574 5.835039404942647 7.092726865145537
342 5.310328729876907 5.279379715225092 5.851685822600286 6.65378398281053
343 6.451541545455083 6.143615911489535 6.509515217143828 7.252579577935441
344 5.74057420927379 5.774661097135407 6.193805489837221 6.30472764424333
345 6.374699354836585 5.538848186935506 6.011674893102362 6.456851164432727
346 6.378237898318682 4.8776166198573465 5.489034394111872 6.57928449350621
347 5.7942900391048955 5.510517058668239 6.138630035497902 7.428765571679933
348 6.537377492475132 4.483046476742069 6.036536842396251 6.442626214406272
349 6.395746242394595 4.592229671045104 5.665955631119819 7.162487936751894
350 6.2134090498838646 4.170647863207555 5.703762515003807 7.242353372344566
351 6.228355475566826 4.236710897155483 5.721931596716246 5.849964084292292
352 6.816560977756961 4.24453129439939 5.556642829085573 6.9585468326209625
353 6.126269680774708 3.99824631593337 5.8333308117849905 6.83655963854146
354 6.53674251015732 4.568522075990086 5.63250863513785 7.15141466143989
355 6.451615060174797 4.260999554627186 5.725302113206474 6.859833624780389
356 7.129788093501066 4.40119290019201 5.439500555623035 7.471865608537022
357 6.2150168688890055 4.472133919986153 5.758998636001333 7.392483507269429
358 5.962968847675723 4.215947991920567 5.591914752119016 6.807330434512344
359 6.425769614889089 4.189783343123603 5.575851145009905 7.230902463465241
360 6.015668417811027 4.5182007230165215 5.531630185162392 7.1285342188763625
361 6.691740706864986 4.36806195646702 5.654796707027758 6.94198246336163
362 6.815277009059213 4.302497012631884 5.463597494655405 6.874390887131572
363 6.033255518183871 4.230093947511378 5.596244391364675 6.561344101596949
364 6.404464242682565 4.029424266903282 5.690703725178812 5.883081806980903
365 6.124594440966789 3.9218526655113926 5.616976061121772 7.779932285350863
366 6.204741982922955 4.53627348065942 6.055553345081085 6.7582880615943095
367 7.637332246566661 3.9598193302087012 5.247457414323031 6.972310675666883
368 6.623984389839114 4.4708615014844675 5.416510043429268 7.356846323780777
369 6.7419035112131755 4.519079779543379 5.95256488057527 6.3417738063781535
370 6.24861054705648 4.292319197657486 5.661547517146754 6.439714650548982
371 6.666992818161074 4.651238259140443 5.974429561464169 6.7662418237825035
372 6.193161954684078 4.878968641285321 5.902992647653388 6.212507679729258
373 5.971887231120692 4.301666976108891 5.701907301715295 6.5786576303202375
374 5.974350640566988 4.2816602163545525 5.601331786719398 6.1780764398336085
375 6.082830045748897 4.191716394194456 6.033688351856368 6.607160960374309
376 7.237709521216379 4.311054067436495 5.458744314779478 6.477857219865089
377 6.152475830898075 4.4314182947982275 5.7683539018373375 6.8796621242134695
378 6.320563937526721 4.239780668924636 5.791172106519371 6.7163055827646865
379 6.038920641445855 4.630175121206046 5.481511958531909 6.4847183734480085
380 6.1120224845793825 4.236374407639201 5.833499992112048 6.548532853102684
381 5.664898804223899 4.0868059250393305 5.707943621695789 7.102190176221891
382 6.467292451591146 4.491102785744067 5.843515346773537 6.80295499894584
383 6.562523257774956 4.696446717741682 5.65929353537175 6.872788421139078
384 6.143455303290889 4.084216848311881 5.684435823615971 6.370219850190899
385 5.856263993847839 4.716283628506576 5.667661424951904 6.451905595453776
386 6.457629426437358 4.269020320691578 5.663086704474929 6.802801950965889
387 5.996764878676958 4.338460682209173 5.726821204289143 7.2871383840438675
388 6.199507079548625 4.028085204904334 5.641961228388374 6.863513953606474
389 5.998949451068304 4.537806342756322 5.739125303867545 6.546740704904769
390 6.183790686738079 4.158297167972619 5.590529039514486 6.565391357648397
391 5.90030941195387 6.12199213221005 6.072431444367931 6.706111431850437
392 5.992140783503551 6.06024608374874 5.877954157129663 5.620854081953918
393 5.853594650376225 6.132557557799452 6.278522848245222 6.4006242239866475
394 6.156640416659146 5.44520019931961 5.948355390198301 6.920199131824119
395 6.119049288416439 5.701800945827387 6.116254399894138 6.794742904929321
396 5.810278794668737 5.312003590894375 6.372718913322253 7.393241737131643
397 5.651964218460055 5.621848256426564 6.304431338304235 7.6068334303489955
398 6.266770084791806 5.693723226531784 5.830177290705772 7.14880628588396
399 5.925939601149525 5.60989660485875 6.221476781913145 7.164047978630854
400 6.1050614638970675 5.605838329764334 6.6108496808854 7.029006496080422
401 5.423164649904198 5.704708062319484 6.460762929251929 7.325929559723478
402 7.230038742082831 5.796583056337843 6.494826014060153 7.692462221631674
403 6.011924187993889 5.293297186676489 5.998101598831804 6.087416011260124
404 5.7475796376665915 4.770302840527369 5.736013618248637 6.0752328863533345
405 5.882474969364039 5.683137161838706 6.212531113796532 6.490406867620447
406 5.119574331905819 7.141064958675058 5.95250078113777 5.9332504170255085
407 6.19944659918015 5.185133951285739 5.75788817173059 6.875308292336942
408 5.658713016899105 5.973807597006923 6.17685163055972 6.682368187712897
409 5.995141375733314 5.404589356481778 6.285663569966741 6.168673579691777
410 5.995517310473431 5.47339878736527 5.843066732073155 6.22757967765715
411 6.115815011355913 4.81503196428254 5.5709135972608514 6.4704145159316155
412 6.3188102713160665 5.370397022932044 6.482129330838486 7.255530597372349
413 6.077255521208951 5.206174057665965 6.14770491844318 7.000541692285857
414 5.606861373776122 5.967306071241925 6.515648537048988 7.074975431855831
415 5.942236656569997 5.856052178034936 6.102542616887994 6.559513568581121
416 6.805316588797803 5.342522230956353 5.886510091467653 6.565039096123985
417 6.409937415006289 5.516246340639949 6.10089378972261 6.857884631289999
418 6.010413580418422 4.76005941228541 5.794520294080819 6.403676668638373
419 5.949748091080252 6.470994122413723 5.945328781401054 5.657209702955749
420 6.493244859794605 4.764704314935623 5.772558001718998 7.261649275830008
421 5.842839848153975 6.28251833175456 6.248746767110091 6.741484140626129
422 6.244916884790024 5.417955774237474 5.86292938376921 6.490754662621204
423 5.493911239933016 5.999639555293817 6.157944910645883 6.779035006000844
424 6.17770341079752 5.725943569597742 6.242139180621316 7.265732795128131
425 6.141787702351 5.288705678640323 5.916607388497132 7.11536862041073
426 6.154860786113714 4.935128843384718 5.85060289543408 7.28540593199733
427 7.2569846774829525 7.634830751656299 6.488380769830287 6.913273619897474
428 6.316957476187757 5.687170127237495 6.469054230235404 6.631510198784805
429 5.798438422609224 5.747607308826387 5.839357417225128 7.022532571127486
430 5.576133069911505 4.828803735409528 5.875045187452175 6.97192390896435
431 6.877377709061114 4.57689049922209 5.6858283764259205 6.826834739305792
432 6.1225000403904195 4.436040284450318 5.904202633187907 7.234302352994999
433 6.2676372546729295 4.338590859655543 5.45715122003906 6.647594387443963
434 7.030596390447844 5.171113626278224 5.819348698588884 6.770735761762713
435 6.085510601164987 5.091727214967058 5.58670481249606 6.621675959798599
436 5.798990314425501 5.606462501434589 5.264429909694935 5.7432888947620135
437 5.2683984312288175 5.529993039487873 4.976098904987048 5.8506178375941245
438 5.828765733262788 4.4022923141544705 5.652915646284472 6.703928687697952
439 8.174023160819878 4.621984568779743 5.564883635846801 7.061490590882509
440 6.70615935655897 4.127453051540859 5.24448011277706 7.0907718065165675
441 6.419695524018268 3.8348844339687247 5.809170372396816 7.2327239741955855
442 5.874619578212113 4.690787277749219 5.757704669248234 6.2938068904972235
443 6.031454288864796 4.14301526422179 5.992211489941733 6.464691572129878
444 5.7613759665365665 4.1235791811568445 5.513470951182855 6.789168467980319
445 6.186841333684922 4.147435297526107 5.90546077952211 7.156713834105865
446 6.161707873943898 4.192314156264768 5.497749015849987 7.034934199704496
447 6.4359574785916225 4.308286216057151 5.835929610805288 6.5490125511487305
448 5.468039559597495 3.9980476382942034 5.611237159443333 6.570103962616664
449 7.363261961315108 4.894191714582083 5.834852634502134 7.1188770336840825
450 6.345942643623344 3.861110594563199 5.507087895586746 6.649841847512267
451 6.876829220098729 4.514574708087809 5.995990973461377 6.753562724486588
452 6.712702316912135 4.151589611286779 5.748828203764914 7.4589466285129005
453 5.964304380432883 4.310204956953307 5.880643026448938 6.809559144217244
454 5.88038757131071 4.0672055316883 5.474221843552459 6.970284263521754
455 6.549267338854546 4.21340874642613 5.606627964081539 7.095578729287366
456 6.103954393155643 4.223599486415776 5.762003694732314 6.7480803917221435
457 6.055292615726699 4.514605572895988 5.612339433523291 6.6401858801517895
458 6.004172031060935 4.306659717850943 5.412739940601396 7.029793039461485
459 6.2784144970027285 4.42581336118901 5.761248152823748 6.771799598420748
460 6.662469154352683 4.127248376686149 5.615915554811152 6.7465965817806035
461 5.584324249575824 4.2033441910076945 5.65586030903451 6.676669048607738
462 6.620926346568149 4.615738938463745 5.654378623154925 6.735267011098746
463 5.927179309994003 4.19195477712519 5.705674866974587 6.204214846421916
464 6.793657912124209 4.40892950078576 5.709319129876566 6.947216846737581
465 6.062159385920339 4.411569811210782 5.773334492154208 6.56356150416862
466 6.184752104396568 5.520199505364809 6.0935664857740175 7.062037442243444
467 5.751823656032668 5.935929785535371 6.210009267054126 7.563380429342981
468 6.330130913891362 5.716815122841442 6.012702798629638 6.6643588027288665
469 5.748956988983827 4.96825326786245 5.579288123964126 6.259199180665532
470 6.024986439777938 6.629847772822494 5.920401297912845 6.390585681006657
471 6.225620461205345 6.209521604464223 6.134388916792265 5.694341417112796
472 5.9628375931518125 5.289861614429837 5.674488416235221 5.382673379957851
473 5.953978469335352 5.34900639953288 6.029716182094148 6.51092184726052
474 5.925275507299299 4.4419669647666264 5.783792227753287 6.702898230146212
475 5.591889507380408 3.9640805538923582 5.506316484892283 7.051743533935869
476 5.8403577466881895 4.476627098515392 5.68741469882285 6.922103907437761
477 6.505387216245875 4.515731742249859 5.764220584429335 6.695598196989237
478 6.026389644973832 4.512413391603508 5.5791365085654085 7.0365938674594695
479 6.986315338513318 4.336486788573306 5.3306508637591845 7.306716870726507
480 5.745824006380304 4.2822268832271995 5.7960599988354105 7.181926451634923
481 5.883520568781006 4.620450182853867 5.948215440968359 7.309765638590303
482 6.686541030966015 4.486099885083685 5.921891330560351 6.287114338959266
483 6.36027894191331 4.538770935675184 5.585395715910163 7.077869493895439
484 6.422160029056402 5.062041293182444 5.896901479053196 6.6037135786424255
485 6.2360905216208975 5.014225052349264 6.30488909386781 6.924781936197504
486 6.1424059804817945 5.8978376416603355 5.706132642375887 5.207495772651312
487 5.877454994216967 6.050789234960139 6.373627865712459 5.590212270419823
488 6.097135307496379 5.18360615467954 5.8352830930992745 6.576895006232579
489 5.906482467970036 6.039378012705093 6.002973443544834 6.8307533009306205
490 5.955232018248803 5.76673921368387 5.882649027838498 6.511647652804375
491 6.198968089201263 5.2883700543820895 5.525990464398661 5.888141801438979
492 5.686872167186641 5.3674109033842194 5.986347725185145 6.314260922521709
493 5.910653786837212 5.117072470670344 5.879667684925229 6.513861156461677
494 6.099428257358623 5.915218131565076 5.974894606043742 7.111598465728527
495 6.427277039796723 5.938709380178574 6.0259741148729375 6.899915124053197
496 5.767560856272465 6.084479340469224 6.52857014311401 7.116095139579314
497 6.143347142649222 5.873454171077259 5.570512942033979 7.007993901053524
498 5.410512383130219 4.843988500591371 5.971155576126849 5.830195240718835
499 5.8076159023374245 5.932066335515041 6.265338630310964 6.516245139379641
