0.6222350597381592
0.9947636127471924
0.8983708024024963
0.6561657190322876
0.7512773871421814
0.6993089914321899
0.869462251663208
1.5277442932128906
1.3950101137161255
1.532073736190796
1.5147488117218018
1.5961822271347046
1.6291288137435913
1.5542138814926147
1.4739956855773926
1.4674711227416992
1.6444947719573975
1.5436493158340454
1.7050719261169434
1.5319031476974487
1.589680790901184
1.4878480434417725
1.3723082542419434
1.5636587142944336
1.5324910879135132
1.4963515996932983
1.4158474206924438
1.4527026414871216
1.5184919834136963
1.4184632301330566
1.4965310096740723
1.6878529787063599
1.5738704204559326
1.4799176454544067
1.5227696895599365
1.4840587377548218
1.5107395648956299
1.462496280670166
1.4721673727035522
1.6227378845214844
1.5157639980316162
1.540226936340332
1.4235084056854248
1.5379409790039063
1.6517319679260254
1.3819973468780518
1.4849307537078857
1.6168311834335327
1.6956363916397095
1.6720184087753296
1.6124192476272583
1.5979849100112915
1.5062118768692017
1.5956408977508545
1.2213038206100464
1.662058711051941
1.5161105394363403
1.392906904220581
1.4797277450561523
1.4604895114898682
1.5312737226486206
1.7187113761901855
1.4316401481628418
1.6541813611984253
1.5039489269256592
1.7000806331634521
1.768426775932312
1.544790506362915
1.515682339668274
1.5143870115280151
1.6472368240356445
1.771343469619751
1.620877742767334
1.7126387357711792
1.7589926719665527
1.4833743572235107
1.4907934665679932
1.4243063926696777
1.7519912719726563
1.584579348564148
1.4891340732574463
1.4768354892730713
1.6200447082519531
1.5423815250396729
1.671413779258728
1.567254662513733
1.525602102279663
1.49293851852417
1.4857972860336304
1.3581115007400513
1.5582058429718018
1.6080741882324219
1.6358481645584106
1.3406232595443726
1.5953257083892822
1.438978672027588
1.5376472473144531
1.5819308757781982
1.623836636543274
1.571408748626709
1.733331561088562
1.653765320777893
1.707903504371643
1.4980710744857788
1.7721812725067139
1.704474925994873
1.3087161779403687
1.325125813484192
1.4371719360351563
1.5854787826538086
1.510650396347046
1.5899816751480103
1.6424487829208374
1.8447282314300537
1.4177554845809937
1.6745890378952026
1.621341586112976
1.53782057762146
1.6507282257080078
1.4219690561294556
1.5886262655258179
1.4941365718841553
1.6819676160812378
1.637566089630127
1.6587283611297607
1.7304404973983765
1.4846274852752686
1.544274926185608
1.495977520942688
1.5178622007369995
1.390792965888977
1.5853840112686157
1.4885525703430176
1.4694349765777588
1.5233981609344482
1.6196516752243042
1.5495210886001587
1.7255618572235107
1.454559564590454
1.5227391719818115
1.5722270011901855
1.4511960744857788
1.435842752456665
1.4879076480865479
1.325201153755188
1.466074824333191
1.4952986240386963
1.3925162553787231
1.4809932708740234
1.4799612760543823
1.5770560503005981
1.7387075424194336
1.400386095046997
1.4464280605316162
1.5123767852783203
1.4391998052597046
1.4332908391952515
1.489188313484192
1.3517147302627563
1.467233657836914
1.5687154531478882
1.6212562322616577
1.7050775289535522
1.4277701377868652
1.5468348264694214
1.515870213508606
1.4789259433746338
1.4427303075790405
1.535000205039978
1.4949429035186768
1.5440690517425537
1.4710296392440796
1.5209406614303589
1.4680672883987427
1.5628812313079834
1.559885025024414
1.6026362180709839
1.6899118423461914
1.4407453536987305
1.4535682201385498
1.6688605546951294
1.4511830806732178
1.4989166259765625
1.5156543254852295
1.6819472312927246
1.7264113426208496
1.6042890548706055
1.6514631509780884
1.6550877094268799
1.661899447441101
1.5095934867858887
1.5270997285842896
1.4421236515045166
1.5661503076553345
1.5448795557022095
1.6166340112686157
1.5358870029449463
1.5674864053726196
1.5189813375473022
1.4955717325210571
1.6333744525909424
1.670973539352417
1.4187030792236328
1.4493879079818726
1.350995659828186
1.5265613794326782
1.4685680866241455
1.5306874513626099
1.6575775146484375
1.532779335975647
1.8261525630950928
1.4696595668792725
1.5174915790557861
1.6590582132339478
1.4613052606582642
1.5478897094726563
1.596474289894104
1.5332398414611816
1.4771186113357544
1.5705180168151855
1.6308249235153198
1.723655104637146
1.6590427160263062
1.4322322607040405
1.4799331426620483
1.5116214752197266
1.8027541637420654
1.4473047256469727
1.6057031154632568
1.5653983354568481
1.4846693277359009
1.581903338432312
1.4750066995620728
1.5324808359146118
1.5433669090270996
1.3859912157058716
1.5417020320892334
1.6513944864273071
1.577213168144226
1.6500942707061768
1.6596367359161377
1.6661078929901123
1.5870667695999146
1.4562435150146484
1.6056559085845947
1.5519449710845947
1.711044430732727
1.6021509170532227
1.5988471508026123
1.6814756393432617
1.5608718395233154
1.3027688264846802
1.653867483139038
1.574594497680664
1.5314828157424927
1.547572374343872
1.6194840669631958
1.4024488925933838
1.52201247215271
1.4410922527313232
1.5720247030258179
1.5769728422164917
1.6277148723602295
1.6809381246566772
1.4888317584991455
1.7267118692398071
1.6024169921875
1.4030547142028809
1.5335159301757813
1.4381024837493896
1.5148367881774902
1.5428595542907715
1.3699626922607422
1.5691704750061035
1.6506489515304565
1.5230525732040405
1.4797987937927246
1.3777965307235718
1.5943833589553833
1.5420880317687988
1.7249031066894531
1.3328397274017334
1.6842461824417114
1.5807523727416992
1.550781011581421
1.4894722700119019
1.6084457635879517
1.4073058366775513
1.5367189645767212
1.5385394096374512
1.6492217779159546
1.6108083724975586
1.5732650756835938
1.5878183841705322
1.6590449810028076
1.5504099130630493
1.6731783151626587
1.55741286277771
1.7667100429534912
1.6306110620498657
1.485088586807251
1.575619101524353
1.6557161808013916
1.551794171333313
1.4940123558044434
1.6103237867355347
1.6095707416534424
1.4167060852050781
1.405394196510315
1.658949375152588
1.6829187870025635
1.5199229717254639
1.5402016639709473
1.8303563594818115
1.7835732698440552
1.9059679508209229
1.6840893030166626
1.5964266061782837
1.5750070810317993
1.6011685132980347
1.5122102499008179
1.4531904458999634
1.4783520698547363
1.6780588626861572
1.5269508361816406
1.5765827894210815
1.6024922132492065
1.7949849367141724
1.6743360757827759
1.5655255317687988
1.5819461345672607
1.7168272733688354
1.609954833984375
1.4502090215682983
1.5272279977798462
1.5773870944976807
1.495744228363037
1.76796293258667
1.8572849035263062
1.396485447883606
1.6419636011123657
1.4957375526428223
1.7128337621688843
1.5710301399230957
1.660765528678894
1.5191388130187988
1.719025731086731
1.562323808670044
1.5022958517074585
1.6088370084762573
1.3895915746688843
1.5743732452392578
1.5076310634613037
1.5417566299438477
1.5223684310913086
1.6058272123336792
1.5375401973724365
1.6041918992996216
1.6271579265594482
1.509711503982544
1.5739244222640991
1.580383539199829
1.4616540670394897
1.4052048921585083
1.7799118757247925
1.5898374319076538
1.4713590145111084
1.5079134702682495
1.582108974456787
1.4563066959381104
1.464353322982788
1.487502932548523
1.5084565877914429
1.5065330266952515
1.4867990016937256
1.3912005424499512
1.5899564027786255
1.6386440992355347
1.3848528861999512
1.4658679962158203
1.5569770336151123
1.564814567565918
1.7005653381347656
1.5329360961914063
1.5210888385772705
1.4129716157913208
1.580960988998413
1.5855252742767334
1.6717194318771362
1.484869360923767
1.5848374366760254
1.3007084131240845
1.5905487537384033
1.6802408695220947
1.5241495370864868
1.506162166595459
1.5968267917633057
1.6821123361587524
1.5984212160110474
1.587709903717041
1.6426048278808594
1.7816020250320435
1.458114743232727
1.4720948934555054
1.6668298244476318
1.4807727336883545
1.4687137603759766
1.4643259048461914
1.6086339950561523
1.6407979726791382
1.6399312019348145
1.592552661895752
1.554813027381897
1.6020560264587402
1.516281008720398
1.4094387292861938
1.6051758527755737
1.5143262147903442
1.565626621246338
1.7310452461242676
1.464258074760437
1.5235315561294556
1.5405949354171753
1.9026553630828857
1.5846658945083618
1.5477327108383179
1.783558964729309
1.6058293581008911
1.4651081562042236
1.5103203058242798
1.5293922424316406
1.4659675359725952
1.463138461112976
1.448082685470581
1.6382108926773071
1.683421015739441
1.5860815048217773
1.4226727485656738
1.6125658750534058
1.5673680305480957
1.4650648832321167
1.5638357400894165
1.4660645723342896
1.7077977657318115
1.4782816171646118
1.5737816095352173
1.6438225507736206
1.699945330619812
1.5430408716201782
1.478568196296692
1.5686670541763306
1.618886113166809
1.479271650314331
1.4894788265228271
1.6224160194396973
1.4358247518539429
1.6531167030334473
1.5682899951934814
1.4994685649871826
1.5835590362548828
1.3508397340774536
1.451198697090149
1.3167965412139893
1.4592509269714355
1.6963528394699097
1.8087596893310547
1.785913109779358
1.650964379310608
1.4544878005981445
1.8162387609481812
1.459457278251648
1.354574203491211
1.4602192640304565
1.4478181600570679
1.514020562171936
1.4197919368743896
1.4958597421646118
1.5618187189102173
1.504459261894226
1.6203693151474
1.6626063585281372
1.3899139165878296
1.477286458015442
1.521260380744934
1.544650912284851
1.441184639930725
1.317586064338684
1.4447942972183228
1.6559463739395142
1.5322792530059814
1.560888409614563
1.444313645362854
1.4164963960647583
1.6657905578613281
1.8249961137771606
1.824149250984192
1.6081210374832153
1.6979646682739258
1.6724216938018799
