0.5734544992446899
0.8443905711174011
0.8257030248641968
0.9616725444793701
0.548823893070221
1.0475480556488037
0.6479112505912781
0.7070397138595581
0.7719792127609253
0.8608863949775696
0.6141477227210999
0.7080469727516174
0.8105507493019104
0.6967406868934631
1.053075909614563
0.7568851113319397
0.8534759879112244
0.5855803489685059
0.7065602540969849
0.747059166431427
0.7460217475891113
0.8231072425842285
1.0321027040481567
0.6805313229560852
0.419421911239624
0.5836074948310852
0.55426424741745
0.525632917881012
0.7049586176872253
0.7102965712547302
0.75742107629776
0.7047985792160034
0.6026307344436646
0.6727995276451111
0.7168211340904236
0.6229132413864136
0.6808514595031738
0.9691556096076965
0.8863811492919922
0.5820744037628174
0.3889787197113037
0.6319119334220886
0.7789884805679321
0.7142319679260254
0.8008703589439392
0.7866640686988831
0.7719525098800659
0.5403642654418945
0.8595858812332153
0.7127963304519653
0.7185899019241333
0.5379334092140198
0.8689042329788208
0.6532609462738037
0.6759426593780518
0.5652175545692444
0.7903850674629211
0.8125677704811096
0.8652707934379578
0.6858799457550049
1.123956561088562
0.6210558414459229
0.6314588785171509
0.6693996787071228
0.7059069275856018
0.7174968719482422
0.7827436923980713
0.6330790519714355
0.6025721430778503
0.9388862252235413
0.6416305899620056
0.7109766602516174
0.8310413956642151
0.788110077381134
0.6294386386871338
0.6269329190254211
0.9895753860473633
0.9010451436042786
0.8250035047531128
0.7448155879974365
0.8219643831253052
0.7573668956756592
0.6323578357696533
0.8641571402549744
0.7058805227279663
0.6393490433692932
0.6744200587272644
0.6826445460319519
0.5373138189315796
0.8118788003921509
0.7896218299865723
0.9273611307144165
0.9322064518928528
0.8465513586997986
0.997930109500885
1.0005642175674438
0.8277296423912048
0.5795458555221558
0.47248056530952454
