0.8169968724250793
0.9945688843727112
0.7238479852676392
0.8563264608383179
1.0350528955459595
1.849686861038208
1.2916005849838257
1.5906856060028076
1.8206689357757568
1.4774879217147827
1.4434393644332886
1.832840919494629
1.6063306331634521
2.920759439468384
2.196558713912964
3.0394206047058105
3.100205659866333
2.5931477546691895
2.266732931137085
2.768939971923828
2.993532180786133
2.478179693222046
2.790079116821289
2.7469019889831543
2.492082357406616
3.514224052429199
1.7941840887069702
2.6110785007476807
2.1171791553497314
1.2226186990737915
1.0762197971343994
1.098496675491333
0.970558226108551
1.5588576793670654
1.2594574689865112
1.950771450996399
1.583676815032959
1.8565356731414795
2.341944456100464
2.0392093658447266
2.0659210681915283
2.7631545066833496
1.5809743404388428
1.8789080381393433
1.9665030241012573
2.1044974327087402
1.708448886871338
1.980047583580017
2.0047152042388916
1.810603380203247
1.9160336256027222
2.1829750537872314
2.116640329360962
2.381963014602661
1.7905491590499878
2.0045430660247803
1.7024961709976196
1.9074314832687378
1.6771342754364014
1.782087802886963
1.7405226230621338
1.425707459449768
1.8014816045761108
1.7675962448120117
2.057314157485962
2.211721420288086
2.327558994293213
2.0991640090942383
2.5264739990234375
2.328443765640259
1.905042052268982
1.9627498388290405
1.4724061489105225
1.722043514251709
1.493882179260254
1.5811926126480103
2.3276617527008057
1.9638826847076416
2.2189512252807617
1.3281222581863403
2.0273711681365967
2.435770034790039
1.6659044027328491
1.6942139863967896
1.4288309812545776
1.6745870113372803
1.8310424089431763
1.5367040634155273
1.976651668548584
1.6780451536178589
1.8785412311553955
1.9402966499328613
1.670378565788269
1.6490617990493774
1.3919590711593628
2.442168951034546
1.9501562118530273
1.783190131187439
1.8689919710159302
2.006124258041382
1.7971688508987427
1.4944568872451782
1.6838152408599854
1.9967337846755981
2.2224953174591064
2.0011041164398193
1.5438154935836792
1.5180121660232544
1.172351360321045
1.842031717300415
1.8635560274124146
1.3288439512252808
1.5346870422363281
2.2322564125061035
2.0601859092712402
2.0627429485321045
1.4390729665756226
1.9745169878005981
1.9046359062194824
2.68605899810791
2.841031789779663
2.8196094036102295
2.314218044281006
2.678999662399292
2.8646082878112793
1.7235684394836426
1.6200406551361084
1.7261680364608765
1.0210727453231812
1.1145713329315186
1.396376371383667
2.1371819972991943
1.3383702039718628
1.906860589981079
1.6299084424972534
1.9197843074798584
1.9072718620300293
1.8668187856674194
1.8105899095535278
2.0351436138153076
1.5907939672470093
2.1139721870422363
2.2733421325683594
1.979522466659546
1.5364314317703247
1.6177605390548706
1.5893486738204956
1.8685510158538818
2.0645577907562256
1.4056143760681152
1.5475910902023315
1.404574990272522
0.7381951212882996
1.0593554973602295
1.1639076471328735
2.0712337493896484
1.7587921619415283
1.7479537725448608
1.8049018383026123
1.8063631057739258
1.8397938013076782
1.789075493812561
1.5949393510818481
1.4942505359649658
2.27459979057312
1.6841455698013306
1.9581109285354614
1.580466866493225
2.210531711578369
2.9489707946777344
3.7516250610351563
3.3449182510375977
3.5378050804138184
3.776036262512207
3.6418299674987793
3.2685275077819824
3.1622490882873535
3.1783785820007324
1.7925997972488403
1.941648244857788
1.415413498878479
1.9353821277618408
2.1021156311035156
2.166461706161499
2.082085371017456
1.906367540359497
1.5544359683990479
2.2531654834747314
1.661039113998413
0.8306919932365417
0.6189675331115723
0.8098546862602234
1.250596523284912
1.3678154945373535
2.1011035442352295
2.1140260696411133
1.4270981550216675
1.0332348346710205
1.2952351570129395
1.586566686630249
1.7086299657821655
1.6027977466583252
0.9378283023834229
1.228792667388916
0.8996692895889282
0.9206051826477051
0.970903217792511
0.8779146671295166
0.7280899882316589
0.8223077654838562
1.3143033981323242
1.5193971395492554
1.6383323669433594
1.5432177782058716
0.9405884146690369
1.5891005992889404
1.7013312578201294
1.3469337224960327
1.6303547620773315
1.917618989944458
1.62245512008667
1.9051625728607178
2.0078983306884766
1.9721311330795288
1.5473518371582031
1.250585913658142
1.847317099571228
1.3559658527374268
1.1519533395767212
2.446666717529297
0.9785377383232117
2.1705174446105957
2.0356600284576416
1.9061633348464966
2.05619478225708
1.9916948080062866
2.0509347915649414
2.2170379161834717
1.8564302921295166
1.5855598449707031
1.729536771774292
2.010209083557129
1.6499459743499756
2.2367851734161377
1.9918538331985474
2.5200035572052
2.8504528999328613
2.6800448894500732
2.157700300216675
2.337702751159668
1.7467153072357178
2.402747392654419
2.346869468688965
2.2181525230407715
2.6190195083618164
2.8113434314727783
2.3014073371887207
2.6341774463653564
2.6337673664093018
2.5887441635131836
2.626891613006592
2.7687535285949707
2.654810905456543
2.1461732387542725
2.8717894554138184
2.2283289432525635
2.7000296115875244
3.0282180309295654
3.222376823425293
2.971565008163452
3.110142946243286
3.3434085845947266
3.3998234272003174
3.096278190612793
2.9662346839904785
3.038750171661377
2.8674604892730713
3.0889394283294678
3.403965473175049
3.1669511795043945
3.633577346801758
3.1539151668548584
3.014580249786377
3.1562623977661133
2.809319257736206
3.2079455852508545
3.2277138233184814
3.047572612762451
3.3225975036621094
3.2073678970336914
3.310778856277466
3.1798698902130127
3.345039129257202
3.2551565170288086
3.2107017040252686
3.056245803833008
3.2466542720794678
3.312283515930176
3.3785758018493652
3.4523324966430664
3.3846583366394043
3.322615623474121
3.1353771686553955
3.001561164855957
3.0510520935058594
3.5098047256469727
2.508049726486206
1.5511807203292847
1.5293673276901245
0.6910927295684814
0.9970124959945679
1.8238778114318848
0.8835683465003967
1.0514122247695923
0.8580424189567566
0.9350019693374634
1.304060697555542
2.4108269214630127
2.3549389839172363
2.2710795402526855
2.3553709983825684
1.7103887796401978
1.2398056983947754
1.2766348123550415
2.0793492794036865
2.125887393951416
1.5221766233444214
1.577275276184082
1.3811957836151123
1.1353504657745361
1.1669341325759888
1.3805770874023438
1.5202347040176392
2.0413405895233154
1.8915292024612427
1.9634003639221191
2.4375152587890625
2.7633121013641357
2.1513073444366455
2.2725279331207275
2.2596752643585205
1.9533581733703613
2.2276248931884766
2.025087594985962
1.3779712915420532
1.7022883892059326
1.651176929473877
2.354921340942383
2.084385871887207
1.909590721130371
1.888412594795227
1.952994704246521
2.2202975749969482
2.217594861984253
2.2441904544830322
1.9990373849868774
2.1506223678588867
1.883233666419983
1.9530940055847168
2.14268159866333
1.9746431112289429
1.9238104820251465
2.0626025199890137
1.939578652381897
1.887779712677002
1.8679064512252808
1.790226697921753
1.5209717750549316
1.8851348161697388
2.0216386318206787
2.337494373321533
2.8989977836608887
1.755820393562317
1.556314468383789
1.8844963312149048
1.522560477256775
1.680666446685791
1.4850629568099976
1.599617838859558
2.2932679653167725
1.715475082397461
2.2202067375183105
2.7411017417907715
3.2021772861480713
2.0357935428619385
1.714584231376648
1.883714199066162
1.7749857902526855
2.064690589904785
2.357529878616333
1.913187026977539
1.729671835899353
1.3512663841247559
1.8939424753189087
2.6506941318511963
1.123041033744812
1.3070529699325562
0.9085947871208191
1.1477735042572021
1.321872353553772
1.3990594148635864
1.7982895374298096
2.2862415313720703
1.8235328197479248
1.4230413436889648
1.5104773044586182
1.696129322052002
2.120178699493408
1.826483964920044
1.7504358291625977
1.9617036581039429
1.6594507694244385
1.4323506355285645
1.2760083675384521
1.3593711853027344
1.4651142358779907
1.5300997495651245
1.3129656314849854
1.6056818962097168
2.2253308296203613
1.7862569093704224
1.8174024820327759
1.6554936170578003
1.9515831470489502
2.2856132984161377
2.030980110168457
2.045538902282715
2.1978492736816406
1.9672843217849731
2.1817328929901123
1.8562612533569336
0.9808449149131775
0.7689048647880554
0.7620509266853333
0.9222679138183594
1.5265276432037354
2.384319305419922
2.338038444519043
1.8973557949066162
2.4095969200134277
2.2401716709136963
2.1980221271514893
2.167210340499878
2.96976375579834
2.7423055171966553
2.7984426021575928
3.1782190799713135
3.2665011882781982
2.9441184997558594
2.9318735599517822
3.6035125255584717
3.3268134593963623
3.0135338306427
3.2458600997924805
3.388911724090576
2.6600472927093506
3.3559107780456543
3.212033987045288
3.1460459232330322
3.309952974319458
3.1626789569854736
3.174926280975342
3.0460846424102783
3.454618215560913
3.401594877243042
3.600215435028076
3.1005656719207764
3.0874555110931396
3.482515811920166
2.899693489074707
3.350410223007202
3.188040256500244
3.5424747467041016
3.142942190170288
3.3993239402770996
2.4380805492401123
1.6860156059265137
1.790663719177246
2.4075498580932617
2.0554800033569336
1.205485224723816
0.8693060874938965
1.8603838682174683
1.6041120290756226
1.3385664224624634
1.3067059516906738
1.9732630252838135
1.6918156147003174
2.153177261352539
1.9726471900939941
1.8056869506835938
1.9780057668685913
1.523590087890625
1.8066357374191284
0.9476488828659058
0.9156062006950378
0.6568162441253662
1.1947884559631348
1.7441927194595337
